90
1416
19320
10280
7153
14061
272
5550
38594
1110
854
4176
5139
34522
37351
3196
4571
1066
9594
4180
2796
17556
6402
12996
3060
8310
276
6444
3610
14616
668
2368
23739
35145
4816
7840
26180
20250
17589
10404
575
7824
300
7380
44640
18126
2805
2448
3738
12730
23664
3162
2046
30500
25335
13275
520
33024
7176
7110
26550
25772
16146
15246
12000
371
21853
17150
19968
27170
2688
15282
13800
6296
12120
12784
36850
11550
32840
2640
2303
3024
30072
1764
15640
1080
36572
4895
4430
90
18620
