890
194212
1228761
3606850
1050447
2675920
1942560
469211
1342842
42636
2852273
13800
234252
158470
55775
30168
51842
4413670
2837680
8856
3238125
461590
9975
1183260
524916
1422080
711110
2028632
3408264
390390
10080
2532366
1608586
3247332
2165173
86756
176040
1666672
3399354
1103624
218205
1692600
861696
2451410
717600
401835
349200
500484
164840
4503576
120533
999040
2616772
171630
1239300
1615614
697444
2027130
371270
1184220
1835180
2252243
533358
147651
1757780
1212420
333060
143382
477608
1327833
1675304
144560
3984177
693420
311220
1446176
212046
1230516
641956
784400
901924
937890
690855
671080
24156
1541464
1510682
3266456
3541566
103108
20520
582692
1479000
1737778
3646942
817614
26544
1389072
2683020
1030329
534123
336226
977175
1050674
2304029
1038366
2744800
259584
861540
451008
3015540
972652
301185
3022020
39169
1062776
997668
179575
144372
348175
1564989
2075548
188652
586396
3415788
3957804
1337415
1106370
216800
1493718
1702320
20916
398573
20358
2534268
354320
1389882
2090592
2020826
479484
363888
4217562
212610
976235
185775
1087758
1026102
1900656
2391246
1097440
1263402
793276
2405040
57630
1058681
880005
1228890
1661809
1222582
254475
3492804
3165687
820105
1130496
342750
336110
1293768
246928
1737315
231435
1318040
2050488
2003668
678063
1244257
1202850
931670
1465595
3886440
1820203
1569095
3053604
3620562
330063
3712356
17618
838755
890478
498294
798150
3810329
1120043
1621564
263032
151469
4570552
4307353
2358230
1460034
21087
1883328
973735
619542
406952
437568
659104
2805255
14644
203721
481320
502398
1057212
4126644
1327612
1653850
215586
429583
690200
1584592
2179331
1279204
1451346
1151298
267246
1294214
1870550
1083458
1604328
1248091
12597
44156
3981876
3224496
4696719
1139538
3681909
4560
48312
400688
105879
312426
1576328
457884
2689599
1325488
800807
576730
483943
212520
2212242
1494504
144716
3369496
165686
706954
525600
9975
96924
1214922
2392864
956160
877232
1597900
2383311
284352
2221590
3210360
46260
579000
977823
1355532
862938
982338
312356
9185
2499480
1938703
645978
2062275
2112642
286800
123444
240480
1236411
1695540
2839968
3161840
2598750
352800
201474
2181550
2488795
574860
1089265
1519566
80910
760946
1790910
937805
660330
1100940
423756
1828392
477848
1456224
67554
63333
640050
884926
444652
3414450
2146242
2791048
69801
319032
327980
391360
256424
398848
1593840
704781
1520550
1497216
1407016
967665
587265
717630
45360
1749264
372801
1528164
798238
212366
2707425
2672298
2477384
2207355
1435298
835002
3519850
819168
886825
1025661
423092
1340261
403647
872958
733860
35061
683200
3357054
2243227
218346
365769
1812070
2077873
426762
212300
126290
302176
588546
284900
1279938
6144
526641
1996484
524055
2250262
1041661
719050
1620290
63720
2292543
2995560
1312206
1724787
2374752
1400700
1655524
179724
2904988
287300
2073330
3991614
634452
492652
14040
1425492
207548
326878
33840
2759328
2080132
198809
751376
25256
538670
1127280
10647
2916364
141625
602700
505310
71957
1529109
2211955
38200
509355
111112
432306
16776
1110816
3620
1417884
138160
2189880
492000
2898375
395661
398764
1838736
1666161
116982
2873392
1348941
40392
259685
1895016
425079
381615
892702
467364
4309690
795405
393750
924120
2497352
1122600
2414750
2768756
45402
323510
189711
1323046
1281698
118828
131524
2161170
455195
1270799
3204124
564480
1474116
763398
2563026
647075
1133682
1200995
390192
2319044
1434996
2332512
778008
106911
2145247
615641
1478808
1957200
1287580
1224312
242451
1432600
169125
3054834
23240
269544
2772
1721754
4462920
258804
2149787
658932
728416
987560
2621043
81176
170126
624124
1999188
109385
1510289
1503549
2320164
1430078
1282339
883551
2414748
2492914
1034515
2907135
2749472
1604988
1264206
233758
17708
504800
1371951
2308620
202710
2525436
985044
390267
2408776
362068
942348
1444860
4680130
2259152
8878
3034164
466900
2516675
2396740
988680
2482713
12882
133857
2738358
3162960
1369444
3240792
526470
2415594
86292
21160
1164856
526050
1170288
405000
2990608
3172398
89205
196378
291624
1195701
355665
1736609
43960
660879
710787
3328313
2086072
190430
960284
456246
3577040
1862352
183708
161139
1468880
52548
31104
2865432
217165
1004570
2773260
448740
999920
3668207
2347496
2760
701316
496748
1759357
51000
4463261
2296960
473958
3415510
325902
1143810
2264724
253869
788724
3325810
846423
1259940
792780
145124
3455093
653961
267168
2252991
197796
752740
357480
262800
770679
376832
424503
851726
273178
3158199
1941330
1426572
91776
754478
1845612
226460
751824
458370
2201640
393346
1433392
1788642
2330774
3077184
294208
2865745
291494
493792
1855908
1367700
1040689
1014495
39835
1672000
447282
181632
2262078
741988
503088
741456
1221810
825930
1035216
40560
3210246
751735
1020650
2204747
4071600
1036334
251314
1293095
316848
4201978
124098
277524
719037
3814580
1275102
16150
878796
1700622
559860
68474
4285460
217070
5911
358716
116500
2534172
1491251
1130437
1388640
348676
758079
1964032
2966395
205578
1731768
2481540
2719910
985760
988720
3276999
1560753
1152438
1720800
3068200
114988
19916
35408
1022256
644544
548366
1296840
352176
3613112
2605680
1594880
830900
1186728
1527996
2652592
1340416
862224
2731960
368760
3049321
1270508
810633
2277888
1395968
2618098
422204
3048682
507036
535101
453740
1610496
1035580
962906
203175
119472
1751680
491400
544921
656904
10455
1765824
324615
193130
65144
3509910
1409368
1291542
413088
159500
253110
3752324
438984
1083159
221778
1804992
1461024
907486
1237354
1867263
1000610
14454
492000
4384079
1196598
425425
428736
359920
1353726
126492
318720
4394610
465908
217227
989862
252900
1662039
2023997
1432344
130640
3790556
2541897
1369206
1393605
1857540
319365
594704
326742
524643
2610992
704330
122122
354005
337938
798392
2431780
3918135
840840
4065295
624600
2593541
2315750
583436
1123892
306180
343770
232238
18875
213408
3331950
3998078
318843
778816
44030
257408
263530
2112084
758564
276710
2761053
921492
727701
423089
849992
2007720
699454
2001931
2713200
2493470
2482342
210496
1097691
1264788
1325120
408072
4585602
722796
1387500
1099098
206832
15895
583590
3800126
1802832
568656
149322
2179709
991779
2654280
1558550
2521260
3129840
840881
1171992
2317150
857736
21983
582228
623568
1449009
999620
86597
927144
963560
276148
417249
1363482
3302910
624312
828511
202385
13419
1511424
4425100
2075640
874920
529620
57000
139583
3673838
1284930
2274124
129708
68782
355628
754856
503126
417152
287199
642720
498000
702945
116918
1107792
774384
2898000
145816
343804
2428702
1482306
1125333
938912
2890479
594280
74892
362450
2730756
2034617
2041586
12166
3251287
