690
153348
166410
1295160
15106
72562
1024296
375193
535733
158202
200340
371205
408680
1240092
2508896
51800
2721555
117068
482816
280085
349264
1939700
1978575
1836195
521208
3967164
2125890
2773860
82115
2383392
737880
2095000
231534
3478726
2649580
979714
2726856
4136704
450702
933984
51262
2544838
1691865
1730600
1826645
99684
9676
485628
1242304
657404
265320
1081627
1706584
927381
1755347
675526
2411660
554064
2522788
851880
74284
3285300
371412
512886
264776
3499902
404460
60320
1645760
3745298
516140
1158285
3217496
304911
1221966
1026129
493612
235710
1524840
227332
1001880
5918
4448832
3227368
2376957
214988
222430
2305674
557108
3774595
2979216
1385552
169580
901313
886228
676676
2942524
2657557
42966
279240
1559920
141401
1464318
562024
1504752
160680
771552
761824
188416
1999800
7616
575989
162750
297440
3565003
291212
444829
90624
301924
38532
99954
291360
2327360
703560
101154
230454
47472
8987
1358856
45536
1709053
1988182
1658475
74039
2765577
826421
2309706
3631280
4337320
1480248
2159040
1219257
1696211
691428
1145815
186
74814
95004
2699028
3138513
179214
575564
915304
4309084
2027068
484380
2140351
2166920
813372
7329
455565
321640
631230
817704
44064
489450
376908
125190
2323024
1462659
1310027
3868447
195741
2737280
178596
7004
222345
121452
78364
2112033
1482192
1099272
1814472
6590
1158510
1138746
3303276
317760
2965852
2810346
645495
162855
1548411
145580
53440
450180
1414042
265144
6110
1213970
1892685
629694
1376145
1054918
1037949
448350
1065675
1438864
1414984
167480
282486
2162160
319000
2980040
1440745
459754
529724
651000
228520
86970
1924580
66338
930708
847894
1421136
1943928
161460
1391950
1367432
950640
2846525
112654
103111
371520
372386
520884
1104
110000
665376
2878125
2883282
3273184
296058
2708608
1274377
1502312
2726667
384512
138243
821576
364002
505153
2278380
1007424
1082400
1149880
552338
2653372
1010754
2254623
326274
533372
187302
3296852
795990
855456
1195480
1779008
2581773
958329
1310210
173796
3636990
76890
2426880
2982336
544725
1097012
3047503
104454
760864
288956
260490
2547165
361284
1341420
427233
1383885
4085176
1369786
994552
2976963
2631600
1109080
727013
1971420
2618188
422216
614880
2031423
618840
741609
72324
2339047
11774
129407
463658
60075
283410
68586
1314950
279792
883134
56693
693895
568176
2261681
210780
183314
202184
354349
3437600
732480
646110
1135240
1667328
894905
2643288
411872
2214574
881950
1048554
26166
345054
339124
365512
2408160
339472
450800
642789
4346743
3605748
1350140
2193114
2184540
658688
255647
244635
236014
4551371
127458
3485664
423682
241731
574938
375081
2929275
455112
323919
675444
258525
141421
1925490
924868
455280
1834488
3072608
2596921
44100
1130990
120513
158316
1468159
659025
548184
118902
1058916
2449889
113520
264792
1077408
583424
396984
921956
2610621
260576
267368
1545726
789212
458880
253145
1591326
28006
3289430
2227712
184789
633590
658773
138650
692520
3449061
251447
460512
988057
1252104
3432384
1257720
2400099
119214
626235
1148928
182910
1751496
797214
1386216
1163328
205428
581672
1605492
1067722
2850159
865830
177757
1135954
2033817
2720900
976955
1123332
2448350
922319
346358
2250198
389238
10458
1565840
32936
649440
1697004
693590
91660
163464
2265332
715286
2666220
1854556
449228
73872
2416744
1606726
3730
197516
2600224
1766544
3234250
155694
301392
1408836
3025210
1156500
1816125
756789
2130096
114405
478210
114750
762293
654948
1154571
1806207
4185995
4064214
82502
4116580
337535
2770124
93535
384615
2120096
2490648
423756
1263944
278096
2702755
1137353
567952
505802
861732
36656
1568398
701454
3750978
1630215
220980
595224
220780
3673266
2360256
342723
901436
132784
3136440
767745
276864
24390
443943
1557358
689196
1047480
3564001
321376
212487
679058
2106368
2401548
935424
1163796
11395
611044
245293
940220
258420
481726
66540
318864
7031
4301808
191516
630853
103212
1740117
1882720
1550224
1315880
386056
56160
983268
598862
243880
241157
86862
480975
1116864
61348
135108
1129821
2960970
485460
177072
2871898
865648
52122
33677
3665412
3167766
161058
3199792
801150
14592
639600
2293038
218526
1870036
1729485
1047837
11911
833625
55380
2393196
1192746
1179072
1679230
1806057
1812096
2134076
750499
3886680
594776
1984554
975015
95188
519288
916738
2133300
1548785
1065846
1218280
246954
2989776
2480400
1170400
531432
11241
1882700
77770
628474
536056
1738076
17108
1133595
134168
2843995
95456
991309
2935380
641832
2304438
440960
10068
2020564
3447167
266859
497840
1202826
546624
832944
1442224
913206
2503165
3569045
4200237
698020
1140950
117384
1010955
365661
83280
723171
480
1086636
470016
283970
595478
1141196
1356220
496242
2074732
1599000
1026642
3207925
24846
2408
1446808
2355760
101178
3740625
2879574
243264
192182
240064
4231196
1462128
1174530
2343168
915952
960022
406546
1067500
1411488
104304
32856
455735
696098
1370330
2397
423269
1637010
644033
2937
835848
1077759
484995
1312116
895705
2203500
7134
3648570
981256
394359
2583280
416240
650715
695358
45432
108228
1447884
1724328
1138550
383268
92288
391155
1292148
