390
2420
18800
28861
8400
30463
3630
17928
3416
672
8672
27434
6048
9850
13362
6176
12440
110
5184
5054
21140
4459
2340
15720
2096
9971
30
520
32700
1705
11766
15963
538
2937
21320
948
16452
4389
10791
21096
5973
31324
2720
22796
29880
616
22422
9810
8091
13620
14688
1647
17422
13195
12144
12716
37200
3324
7998
5844
18740
4977
12474
18142
6417
226
26004
5706
6664
10878
5960
414
12312
7080
22728
14325
5600
4270
5874
13311
15419
9504
8544
3852
1281
3752
590
4508
7878
442
9108
1650
16017
11990
16212
20160
4619
581
3825
19462
18202
22876
7230
27119
13743
433
16520
25615
16695
1088
10802
6984
33704
26344
7015
23222
7783
741
34359
15642
7314
23425
28565
17575
838
9075
6120
5706
16770
6237
3762
824
8685
1690
19778
6913
20335
2952
1100
12400
3612
13746
8802
8080
17765
5084
1760
12942
17319
28512
36
10280
1253
7990
63
11920
746
3080
20772
11154
4400
15963
28509
7296
4860
12971
21201
22724
29512
24708
4800
29
11808
29336
6740
209
28250
16169
28800
3936
42000
9820
39483
2082
5044
14678
490
13464
28860
30924
2877
2136
9720
13125
14418
12104
176
950
1363
8619
10222
2805
5916
14184
4368
16610
48314
22032
19080
1679
13386
21372
10036
3059
17592
21896
18306
560
23306
5681
21219
21574
1295
7974
954
18981
20944
450
15912
12416
2130
10480
20300
21
7800
5712
19194
37632
9296
45168
7936
22489
10794
5175
2502
7733
25324
1746
30774
15640
11418
9300
29628
8500
6030
1122
17949
4260
7093
5280
39483
2640
3458
15060
44325
676
37433
5786
17670
1572
1008
12740
1900
6288
6303
39900
3749
16830
1654
1368
2956
22372
21240
24206
528
9600
10260
14145
37632
1650
29000
180
16975
6440
4480
1675
8130
4185
8692
1944
3760
23764
3500
10760
3928
2618
4862
12714
11795
31328
4608
15708
28840
7696
21
34320
14846
12122
3800
16758
18576
4066
2520
25520
1200
24647
6751
35868
28012
28380
27538
27630
28492
3224
1975
156
12825
14550
28650
19050
2450
5103
21606
8632
8232
7263
972
1635
331
15136
5610
12974
494
33250
2891
32016
185
12222
2010
9430
3932
16660
22704
36150
2808
9576
7329
32130
10640
33046
46013
18536
15623
20640
16737
13008
2352
9394
861
32550
5038
36456
14008
13020
38295
20040
25567
4619
19614
1624
12466
