590
7592
80410
54180
4602
1491
24336
52793
15594
7802
31500
9040
67320
84804
7696
11500
1182
5920
71680
1085
664
35224
128575
30791
8208
42183
148902
98032
4950
38064
48160
83800
3534
57211
132479
58216
12584
158200
22050
22977
8307
54460
40872
30600
18080
2457
9676
144330
84252
13802
7425
8279
54696
22876
188947
12122
42180
88464
10604
8680
34496
41595
60534
21268
6072
114210
23625
870
17020
89722
3349
47730
139189
7856
30966
28884
15708
2037
56592
94668
50292
5649
105502
105641
19074
59046
9440
34074
31488
29920
40800
14952
29885
39058
18228
20384
70933
83129
5166
18200
4440
138554
49125
7824
67344
4380
18639
28576
40480
78000
4352
5072
10500
47424
81003
28012
72345
38400
37872
7020
2700
2400
85680
390
18078
6138
1403
4902
60912
576
32108
4543
92625
5194
106977
29929
87423
135280
187720
54824
46560
23868
70807
157
44737
186
592
90944
12682
108150
34986
39758
100873
92926
69112
14430
117632
93195
38157
5584
19360
130548
58194
149580
44064
20670
23520
46020
116624
64914
81800
6139
8541
70720
30258
7004
1647
119358
76720
40467
12096
84300
39672
575
136510
21147
40770
60160
47550
98252
22770
11403
45072
28420
2240
23616
62628
2358
3290
55970
18734
87009
103350
115736
14910
78690
88725
19049
85656
7280
68886
49280
18500
55216
84920
8366
61122
31000
69344
2820
34220
328
183546
5473
2085
155904
26190
13202
101926
25840
21643
109089
5820
11520
50022
74200
73600
54450
12992
115125
119228
112384
133266
18816
99790
112712
26071
25088
16008
11900
53457
2508
69920
48654
32800
114342
52907
114760
139539
131502
15933
173656
4902
50700
13650
49848
9880
76076
50592
115335
172172
5796
21837
75492
122112
126483
3375
15054
132676
3654
5192
34556
75862
9165
82236
12324
13197
6480
107576
45733
584
118767
29835
19380
4812
122100
12256
12371
36720
51810
7067
15609
22140
114762
10962
125122
21216
6408
40602
11786
75582
18009
31347
1820
48685
20292
19147
6720
906
98552
8007
76800
30520
24840
21210
54144
46905
82260
30806
14818
83643
18486
25578
29606
98936
18832
54668
25480
6992
102567
32795
99348
56240
9090
111780
59760
6809
101520
117414
44055
10476
45045
20882
2205
28756
36733
108570
14112
7254
28028
15255
16198
17300
19992
22800
19440
146160
70317
7830
60990
4046
24382
137614
51207
1638
1218
106176
177089
10062
1947
45408
28896
28968
17024
130221
42976
23408
110856
24066
35712
16745
51813
25916
20590
38304
27161
20910
25758
8673
83085
119889
13328
6372
48374
17990
33040
125490
60762
29082
43575
73728
14385
92736
26214
75816
65736
35828
9520
57960
164334
116110
115444
28161
5648
28272
15548
111034
2488
30475
64185
4392
104598
6264
1422
24272
32578
55350
55404
3010
3580
6664
80697
75153
1110
64156
23956
1656
119306
13930
1700
9380
51887
16224
3400
10428
10010
33891
56480
16500
14625
31524
164128
7627
87785
12410
32769
46368
86578
71253
71995
175014
11502
52611
47291
101346
2535
27918
88126
103620
12166
70460
22204
29830
17766
14291
7304
10302
4898
64082
81770
75348
98685
67818
15372
30400
142137
47424
11523
79346
29068
124785
5076
7840
2682
57780
25520
23226
15050
4445
22078
20413
26569
72600
149544
42224
102610
365
108016
80699
38955
44250
2128
390
15792
6586
134540
37592
41667
17343
93051
43952
5654
28408
321
1800
10010
11736
5810
94557
62
14575
40992
2548
51291
3577
72135
19720
8904
13498
16048
50078
9877
143298
83533
17748
27311
37387
13072
15080
36934
2541
82824
56814
13776
3268
72675
8580
129688
7390
37736
13230
20493
122616
61292
8088
19320
10920
129528
50710
9540
66316
25152
52000
13426
88646
1900
56880
123380
9100
81510
2112
