690
50076
166410
274512
15522
1917
95472
375193
85541
64296
203700
34804
74460
356532
586820
53000
367011
6771
488960
125240
17596
39508
130425
347713
8721
51012
348036
557
27830
445056
744760
420676
3762
524558
729118
223672
808280
527936
74088
107640
52682
216284
123009
32300
135600
18873
9676
492420
423738
123548
69498
116393
334712
31304
777326
133893
199800
554064
619852
108624
76636
470940
383724
107567
85376
126054
415800
66120
170200
585178
124898
51615
153800
314731
32157
36105
25704
239202
482080
242788
215424
6994
528496
402712
141933
233156
106908
414567
68880
57035
536928
140798
172360
246595
19096
317408
563479
102840
42966
23660
87320
152789
288069
73513
410688
42000
90288
169024
191360
208800
20672
260574
171750
299104
84487
103400
80136
94720
43395
39780
19251
295200
96320
318630
102258
49104
1794
25327
71928
14208
321429
342790
707850
26068
236109
137881
381570
594320
389272
63368
242880
564876
351780
65940
255640
186
1776
111244
466250
266049
184926
164800
247105
484748
80848
102570
307865
544455
340515
14309
95348
329208
316092
831
44064
102960
379260
129870
748600
75035
89162
377987
78858
260416
181548
7004
226737
129828
84940
412419
192672
551322
250038
1655
429240
343140
591618
4480
439996
278663
307740
37989
614106
150220
5488
123164
189726
6550
17390
249935
243542
647634
585120
276828
189357
462990
99450
120053
93624
8440
282486
407440
321000
552972
496010
84882
200066
31620
234824
27630
165790
67978
26883
8420
176391
328048
27675
249690
477158
135456
33876
126914
7372
11880
391442
526820
5520
112200
212976
117888
710279
641818
308826
30464
103899
731084
46748
132864
53070
110194
61491
91751
442060
73458
99384
512278
2216
247036
302937
144228
45120
554636
35454
600964
26130
58692
208468
186732
482205
276804
376508
5964
631014
82482
128256
143601
550125
330416
632638
20538
55460
77168
267802
434280
368676
401952
112095
171720
472792
275500
124100
393943
341955
96900
328018
658020
328614
68352
623520
154959
48705
16335
76260
502238
15022
146547
23868
61143
289842
68586
438906
22185
111456
57785
172270
115368
399285
31200
188146
210312
44431
244000
749920
107730
138370
134400
100700
824428
206147
308310
320347
115362
28518
87508
346276
382632
337004
145236
92000
119214
617483
686670
218880
386628
127650
664
260599
253095
236014
654951
129786
216216
106
53424
30212
43810
114915
14553
47058
62524
124740
143913
217980
213486
217440
542376
652036
204941
45180
62060
123981
159652
656568
60903
4914
35322
130824
557783
28638
277772
46440
599936
196452
126882
545688
260576
118560
670500
30560
78336
56342
55917
36366
463630
407968
30458
126820
178119
21476
259695
690921
14161
31104
271111
227188
606992
570345
74784
124542
218290
381696
80115
108192
26985
451152
176292
205428
109956
165669
192172
129087
888174
31290
433484
280364
25012
259560
196241
162150
154433
104066
463986
42282
1611
392496
34368
664200
159543
274340
12060
65562
101053
184951
452880
364048
30740
2808
507210
19502
3850
65794
655930
532272
690200
24090
29393
131703
218154
257400
323625
122688
362152
120717
3395
116110
106251
109020
564536
302731
449735
363918
11573
439348
343311
112903
28600
89100
232678
611044
111232
185364
100646
365810
155288
109257
10292
268458
37288
140694
263432
875196
107865
224028
92736
32490
892769
547808
66999
100614
134848
494715
350244
53984
6840
127116
285186
225150
190060
25781
157534
76720
29666
176176
798372
124236
510402
1525
613556
264469
147075
265500
219184
7200
153720
8811
836752
197612
648397
108288
480447
579904
20046
249240
67517
57600
129558
274492
34370
241157
24924
480975
448224
5404
136776
117019
229458
492420
9912
492280
394120
60298
33677
326820
746931
61200
562959
41965
20672
122200
426932
66220
250908
66840
191142
12083
362900
55380
139490
466309
476328
210700
40095
895752
556404
81217
543480
236964
462600
63157
98580
532776
134668
190450
594580
368544
80940
248850
607348
537550
343596
9240
2250
554760
8680
643314
242720
571936
20116
206504
11036
356979
97968
204455
61696
80652
158457
456320
10068
317688
14603
270435
78820
555703
80496
840048
179488
207060
135065
436785
499653
26860
191900
123816
418660
371925
24060
147838
504
94620
488376
283970
607022
372965
553109
158004
548830
103500
179296
798560
25338
7912
652026
611600
115038
258125
210984
254016
202006
242792
462136
142096
157590
56832
182160
309260
416362
219478
164736
105288
34632
51765
170027
111760
2533
186420
812160
183348
9345
96577
186651
31620
32350
399200
207500
7830
192030
306556
399423
629160
427592
15762
707094
53004
22011
122544
848859
91000
395076
29376
405219
289152
