790
107702
1575805
365364
3062484
1059448
1489940
94864
1893600
107016
2691540
1890675
732375
1366548
2115426
20321
693840
205540
1364734
71840
1341116
1552508
1958880
484110
306583
449864
3704610
699138
126218
2555024
2216970
2655411
2773870
973152
1265858
3267840
1304901
2672611
3814635
642948
1417134
1245816
22848
540905
1832836
4428
1511640
133326
1891850
2347200
3091072
70098
496062
161622
2638596
1174992
1965296
343145
2080539
1268302
2623776
497943
2219010
328320
19976
1481172
140490
821349
194000
210180
467449
3446542
279258
382592
1592545
14076
1191697
3230544
3706976
2962947
1961364
790438
2920000
422928
2256665
133448
567108
308858
83356
1599052
1601665
821116
38976
110916
3284738
876960
1521354
695280
220881
1234920
62901
154260
497344
2591360
399840
2039025
1319721
602127
710988
556606
512637
56325
2698969
267652
797895
1798339
85680
383544
1693161
169464
4086331
24334
187920
999396
1648647
2374265
1869395
2294880
3576888
3912968
2039895
9850
716273
113628
520460
423956
558800
266034
2236464
2905830
104469
1542144
1624980
3902400
4317974
2552260
45854
3021920
1661754
1995171
1374840
3730356
1289928
941206
1026380
630420
91708
401714
491416
143376
160380
3104505
2889408
764983
2652360
928914
68628
3689476
540141
316292
2035103
1873120
3122388
547688
2740736
213714
1846038
2780800
470792
1144472
75200
305520
138560
1633425
642679
970254
1083352
3530494
960664
1689856
1036049
2223658
1896384
3502861
2713701
2290211
1121895
162680
2517
1128904
1888836
1082950
197694
724140
271404
102255
4517304
665632
2218755
366704
389322
1762359
888978
863451
369495
46311
3617180
480089
96228
2826250
346371
2705584
1513680
1540140
989154
545640
3617651
4402769
142410
491614
156804
2744654
93331
2659234
147730
708135
701127
2386664
515966
42039
873915
773226
127110
583758
3115525
95158
2483536
203608
368019
366690
393312
24948
115527
3981120
540320
4318272
3384864
1535429
1107978
318
1830288
863927
2911194
1994670
1384146
1266160
65100
2868300
2276772
886408
2965424
544446
2741184
200655
1053930
2742734
392030
694038
3426192
1319684
3028068
2618238
1552178
838729
35616
1260340
3030100
439680
60720
525096
2790
25344
80575
1776775
618709
1677206
3436560
1587024
540618
657800
3258917
344700
1038400
133032
1498560
219785
736062
237006
640724
277066
689907
21385
181525
349632
71410
857095
819654
3557127
1640496
774256
1828606
167480
789396
486402
761460
74730
429000
126280
121562
347510
1092672
2029323
1438080
535063
708968
3482765
2583592
9415
1818817
1852286
3423450
321540
3004410
3012150
1445662
2393685
3876736
668964
2474112
2356914
159336
135292
856523
33252
1430145
153976
528736
276315
683748
187200
1513024
2360475
288648
421456
73610
199320
431272
507180
1778
744385
605894
3763518
2025540
208806
2589678
373596
721716
1271560
3840384
82620
480125
1134375
1190250
382200
2188631
2561136
635106
2430000
782595
506196
121390
77850
1506774
424504
7560
177378
862092
711168
241227
416988
302619
507984
480519
2109900
1566927
922041
371680
64272
163744
2794800
456570
570945
446092
102666
201190
37548
33550
753664
1157184
1483857
595033
792414
1428816
1246356
45875
1064361
1294950
947298
3028727
526702
619338
1813242
1914840
2228601
17480
874038
702152
91574
147204
1602180
1671824
302103
1345248
262104
179826
1384473
526806
597487
664209
36540
236880
3784167
1493986
588352
2683845
225774
581061
574560
392462
698817
1155955
2349720
230432
62746
901151
238376
19995
353730
1005786
490335
1028048
3520587
331408
112288
642800
844288
501677
948240
1538031
1887620
54405
143880
1433544
1232676
10000
1367032
23193
3540489
1188385
340784
1083024
872320
130474
780680
382334
1861430
748913
332044
2740506
4396336
711600
2347872
2045490
1701360
274670
64246
9336
724231
440105
89679
1164852
1247719
2568939
4078684
1893375
2991300
4580952
457950
1321854
121329
363264
670446
31800
1543482
702232
942090
458252
99225
2737280
540020
705572
105502
3882700
477508
1185912
639000
539700
3311287
981147
1530765
228206
62980
2441381
618475
2501125
4181000
1752300
312192
3378395
4226696
593954
2700301
1408904
279792
643368
1417092
273462
102176
3618804
85280
2246590
1281150
670344
3037226
1745176
119970
562480
252976
990756
2591295
249936
1437005
3448272
1664616
1007408
892710
2687688
201291
92827
314700
391980
1969354
1943417
574750
190905
2245338
1558788
224424
455046
3086209
1067256
197351
1448412
954572
397010
3589311
436356
1810802
1992682
321816
814653
22305
1193655
3401314
169000
1212968
609633
3888776
510720
324277
407040
196944
6800
1217916
567468
1820245
34740
1452660
1106448
4470603
691740
1480688
967890
3394549
2490028
1840388
1152168
3041037
489159
1704096
2047648
51088
1704678
1656316
2288286
77472
1710345
3123308
3939408
3092859
1571808
1105522
288674
1544914
2358930
1452948
225280
852525
2595056
376896
1201180
590976
1309763
2064150
177408
430818
1524978
43806
721715
37280
1178298
338766
3814237
580832
2645022
1152462
1124394
1028210
130851
2142309
934048
51894
624316
464100
992640
1256976
1060202
959400
2068
293460
2597994
990892
1103004
1017702
23547
1478400
976212
773078
4740
4429110
653353
2123276
1901824
2297152
2022790
141050
136329
713994
1127966
2492680
2282280
17610
519036
1225020
298820
1420452
1226808
1102692
497097
1483291
2127879
945640
2462682
853332
1465962
409882
1691775
720288
1437000
613340
669229
2159307
584199
2665564
1971180
717090
2950
1438290
253302
1847391
803825
1152610
755023
815352
224334
347322
3506200
1114295
3550074
475422
843500
364870
11577
1237392
138531
13920
3714082
1832645
1824385
322620
4177248
1378015
1879290
480400
1670760
1832193
900315
1410618
1358374
1173396
1059828
799155
593448
3506450
1399488
941290
37053
1609600
1351240
1000640
849849
1973622
802716
493368
31320
130972
100225
6642
1967946
885600
769041
1855784
175
744345
1717000
371418
132597
1273964
1387098
159993
3351576
