990
145782
594870
262080
2570396
1041277
2382156
937472
30504
50570
380184
3280184
143682
698805
2202240
4453191
862038
1405392
4326080
1197990
1008576
3754944
215220
3937260
792196
998580
2114700
2717012
681156
3813372
623200
1326732
757473
32657
516664
1207115
2731770
88281
216294
173956
2250066
2153320
1611350
1726891
40426
94608
281290
1149642
907284
581157
247200
980628
3171520
4562100
272226
2352744
270072
794820
275061
27696
224368
747511
917280
2748672
512108
147960
714771
193648
367117
82764
251920
1392320
13124
375456
2522800
1659504
2391333
2356641
2395876
2340798
1561608
790741
485090
1127115
3500372
2756715
330456
475695
2564562
1983276
3856051
1714070
108000
1998976
3641229
144144
3716064
2211832
2368716
730169
198704
1178100
309330
201051
1062840
8990
288135
2341320
379260
110740
538904
1308512
2725525
106914
954180
3748800
267615
626340
627270
2440971
1650105
414216
1729973
46527
46288
525358
956505
30780
1402379
3044601
226974
24990
120445
204510
1546065
85522
2047416
760162
90090
1559331
401250
197022
2548812
579362
31164
121824
514447
3378276
866697
452550
2131596
236472
1438522
354888
722145
2311168
1366544
3487466
727800
440880
2147136
1879570
197784
620800
138088
628803
937494
426240
502680
423852
1896642
1543440
28768
740443
800850
977748
2746324
2620476
1997890
96929
432400
266630
133196
274560
799085
12296
1874140
514044
1050855
1559420
759969
4749976
332627
1098678
3258270
336150
550000
100532
2903744
1843074
1872431
2149488
2065806
1447644
463106
1325016
3456300
2174328
1066450
667052
803328
765532
1756924
2870164
81939
508149
565890
1270836
621954
1716336
198240
690932
406116
908868
521277
1166364
637800
1422063
1149732
1339282
1867962
45080
100630
1041810
2537711
714917
480558
157120
156078
453132
26085
1991770
2985728
3886036
408918
1315800
2376524
4781295
570524
2506752
749472
897050
820034
26811
234956
261016
555100
448357
864552
839736
3230376
573287
384718
1342460
706188
459679
895212
1274100
59180
1584360
5710
1462233
296360
919032
1565620
2259028
579348
62832
2438297
2776683
2039520
2057328
480370
81675
104420
3100600
2816016
2744976
2146020
2439080
2513137
342084
2915100
1412840
2920496
2231892
1559952
1493856
479304
2105756
523868
1490305
173160
1895430
724248
1236417
637240
218582
1353000
859418
997920
1210358
196947
18183
12642
911330
272160
399945
779688
1678125
2630061
1544052
608415
67452
573729
138180
275886
1150800
360054
3954804
1781920
37399
2348992
1452672
334165
1263696
789921
1124760
3002720
9808
582417
3284640
1326808
2400816
486330
392920
865358
1532960
1175118
51255
475349
990894
1258180
667040
3228775
1340496
466200
1152576
1789548
219776
2465440
156180
633420
1129372
588526
158461
40040
433200
386250
2610465
5736
155232
2810808
2639994
207480
2392800
540360
3139984
244664
1722724
2303668
1535611
39339
4058419
425614
1989792
1404225
88452
44892
1249222
2544960
925470
468200
805655
1258803
759888
227715
198317
85380
401266
1552677
454676
482328
685440
599440
251920
416640
2757638
4883630
1500417
681860
560448
3463460
3455505
485315
455052
364509
13182
2889843
1924356
1237575
3984486
56600
755040
3636919
124500
557398
149565
926148
255832
1169295
1541192
4011146
1454531
1168607
1424
2166285
337336
207024
760032
2402076
167923
1845732
1532540
532735
984998
1210560
180096
88248
1788610
188786
3813810
1071208
2165475
872025
3769526
239976
522176
2120
793978
1832175
5104
448569
792420
321936
954192
3121727
1480050
144650
728500
277477
142240
326692
2242332
1553440
2202822
709665
175890
3464775
2222481
327116
497280
254024
239856
683648
949615
4114
57168
1004112
5510
63858
230092
209040
1275168
1779372
405870
485511
2419669
1595960
63249
488684
1418912
2694040
2425784
1648926
1603684
3876071
4729536
241488
136530
918892
252000
404957
1164070
134444
1786048
1923537
247036
983136
721256
567692
644325
445125
533478
1234926
22815
211401
2087830
22022
1776000
4535730
69498
1290120
598751
172931
2079150
921167
873587
564975
533172
659568
3339072
539682
394204
2683549
280596
241449
12443
2727296
3851667
1894357
3572829
343006
368445
945210
151570
717623
128501
683928
694668
1024902
1761409
1551840
1824627
1919011
1021520
300832
408278
939145
4046196
2968064
160362
1656910
638830
2736016
142428
1243520
662522
1355932
79250
4467606
816956
3276
1306752
4698540
493925
985064
820611
2981868
3704577
1742598
1439330
1777695
2471392
279888
283500
2162732
549289
1633860
729400
68992
196480
4053450
2341360
1435476
652273
2343470
336175
321385
786097
88531
494836
1194375
172833
237975
78561
211799
3775308
172912
2553480
380520
508526
2696652
510926
826557
2865984
2046613
1252800
1145460
345240
10872
914888
1288688
28304
840717
10994
569792
1478494
1688256
2520184
1142181
347698
1942083
2674287
543120
844564
1912144
2213244
756484
1439845
2698981
627375
2087568
910520
283893
1310013
2286438
927872
2781144
800448
2779555
440865
20460
200192
4240548
389570
518805
524096
884640
21793
697910
2872575
780450
799500
861360
214671
491243
31423
1726335
1585818
1380808
56804
2755956
1092690
518445
3220176
87660
92218
958740
3223790
1967218
895212
5094
3018520
886932
911259
3039248
485894
85462
2130130
1435672
17622
1798356
705990
882196
998445
2845926
1846488
1383460
1031910
1258470
435892
209760
8515
2980970
2601885
423552
274560
4664160
2456433
158162
1294790
2277000
304560
672785
9061
478498
1279904
2847598
3241459
278390
1211232
1566165
1206678
14652
947762
1227831
1553904
823858
925405
552000
224070
968734
52328
1886766
1361894
699949
2229742
791070
483131
799638
4180792
1927626
9075
352317
378820
39000
1577497
588982
1368048
1094098
649944
940412
1762000
166532
1914288
1804906
150049
45440
2334544
552632
964712
3272019
30736
509255
447764
290318
578680
15333
294450
22750
694278
239250
1352424
3789940
735375
1808540
158900
876694
409860
889778
842061
712674
867837
1405944
529581
198816
2276442
757017
203007
1274008
79686
963792
1151
1407952
994410
677764
1339467
3921049
346495
660776
1134446
588280
2946562
2086952
380205
210210
3268256
986094
4399205
968320
1651454
2343432
916834
713518
687225
601029
1257720
230040
2064363
864425
640
829725
627154
2546676
756990
2904568
86868
2454844
890824
90354
441792
2834000
1751520
2444838
823296
2242080
2034456
614790
173266
2659874
621888
3167424
27027
129660
172260
970704
597168
262633
1401140
726327
1224369
3257880
1225080
358560
3325248
2900095
753690
396900
1753605
625800
2635281
386815
369284
745682
1142339
775998
1613196
1880670
1135231
510135
61994
1732086
29068
1622176
324786
3379492
1208
1379763
472227
1402392
3048356
355712
74872
2233986
1471712
493722
1801086
963265
149568
8930
2837604
2297328
1698004
1173911
2311352
582108
1013934
120596
2472112
13360
630420
454832
1137462
1456231
3703518
462372
539056
2869020
1851908
432368
698882
228172
534567
1085682
50547
812889
223500
2877428
3225150
1118016
608450
446748
124806
653926
1307544
2622400
389860
731620
2131556
218442
64372
3200250
662346
4470768
2703553
1010892
380000
936330
840800
1899216
3101086
2564665
557864
302512
45232
434358
110103
834394
3299404
386370
164112
902660
1858059
823428
2996250
4285935
1657338
1779712
1380096
975884
240
55020
1581036
676836
315678
738122
845397
460208
4197096
2163150
2916
457434
3072888
4454393
1579295
1020530
434792
1618326
3859584
1138676
