256
3725 2124 25736 23276
18523 10358 19319 24819
102 532 6017 5043
5601 16714 11412 17037
8286 928 25076 7684
12570 8283 13118 16787
55 22277 18119 24798
7347 10049 28375 20287
15837 9945 29218 16468
9712 789 14673 29143
4592 687 26623 20818
18884 675 29463 2932
5214 5644 17522 17630
2541 17447 28400 26952
304 1895 18620 22034
23645 9236 25499 12756
8748 18602 25034 26270
13581 20049 25331 20656
22123 15032 23996 26687
14738 134 18274 20790
14803 1931 18769 14965
5884 4631 7934 5011
28139 7048 28185 18460
13635 19561 22814 20853
14009 13907 23506 20409
6226 7471 26188 26823
22800 11644 23315 16813
2397 8392 12276 28239
8180 1533 22761 5271
1253 7078 27482 29000
9957 2451 11664 18157
22861 25001 23561 28935
1809 1948 8252 19450
15076 393 16585 14692
9746 3053 26973 11256
1633 130 15600 3572
1600 21546 24093 29134
3047 20515 6227 23912
1097 11211 6280 23333
2003 3511 7779 29434
314 747 13459 25772
4001 21966 4121 22006
10986 4963 22706 28954
2563 18427 28435 22576
748 23839 27093 26108
13552 3055 16782 19938
19562 20905 22987 24842
2365 1152 20661 14254
8703 16190 14236 28705
14188 10734 27627 25935
4545 2395 25723 26036
15486 13180 24863 26888
122 10387 8593 20457
16993 5622 28984 22043
6833 26682 12275 29712
5971 222 28614 11114
8351 23020 13735 23538
10542 9005 15847 21930
11294 2505 18623 25780
11360 4941 17481 20614
1670 11897 2677 12532
9163 21275 11345 29566
5259 647 19537 7292
431 2146 11005 19581
180 13484 5803 14569
2717 12337 29620 24241
523 7259 13061 9771
12155 4785 13644 19382
9460 15112 21548 15926
1585 5611 25190 15824
12186 2153 17107 8342
1704 9666 8019 23794
22568 27596 22605 28679
1283 1163 2507 1523
13262 5089 24726 29641
18288 10129 19739 21759
3593 1981 13315 21072
22600 8756 26960 25490
5728 9669 6792 24410
2318 213 17352 26944
1918 11620 21915 24708
1558 4545 21859 28619
59 412 6191 27549
22171 1535 27622 15215
11994 6481 19571 22890
1440 25073 16914 29976
8992 7581 21181 27012
116 15615 22248 27109
11029 2681 21958 3755
2544 2778 28821 18416
11607 16169 16731 27483
340 8015 25270 28050
2002 145 21666 1865
10589 598 26134 21073
2362 6114 14753 18341
22383 15112 27823 25304
1221 14084 11605 25555
20024 5854 20759 8924
13677 2702 14173 29771
4010 13543 23454 21186
7309 2294 10370 4432
1057 3043 23579 23706
5276 5989 11478 14907
6533 7975 13766 29026
10064 18968 23719 28217
8101 13269 28661 20694
13978 17612 22955 27837
3548 17535 9565 29384
19214 2010 29091 22088
15155 2277 17146 18231
3351 13414 13854 29782
21968 25109 26324 28954
1792 12916 27505 27758
23412 16932 26753 18377
940 15987 1494 21361
997 2475 4025 10847
14268 2296 15149 28916
19128 12939 19341 18442
4408 1279 12408 15868
14466 810 18998 16120
1581 350 28700 3405
6748 2447 17043 10513
4312 13361 29896 17162
14434 18291 24229 22223
21575 3181 27391 12330
7220 19174 13841 24513
28236 793 28713 25333
22689 779 26488 16040
22014 12169 25873 29953
14934 22499 26819 27840
19001 2135 20583 14470
10746 19990 17928 20521
20505 9892 20799 13820
18198 336 18343 2385
8592 777 16771 29242
1784 19353 13405 29335
10423 7667 27548 10318
14841 1957 19721 20964
7665 6180 15696 15863
7628 10365 23382 15316
1484 2089 15076 6959
24325 15057 28983 29076
2279 4608 17156 24460
2547 15083 25562 28928
47 1277 2117 12626
14621 3589 26654 11866
17478 20535 18638 22028
21277 4684 25048 5756
4232 4243 23638 20860
1657 6720 18345 20594
8997 22433 28408 27590
3849 1865 16022 2746
2485 5741 4318 13207
3351 6286 9532 29529
2066 17997 8295 25176
7160 19403 12820 24617
19966 5246 20340 23960
997 3898 14507 28110
1415 321 4641 28597
4410 1482 10388 22877
22494 4259 24273 19981
207 20424 8716 29655
19053 2115 22562 21585
17551 3300 21096 10561
3138 1974 26041 11526
723 86 13747 14386
2776 4884 12405 18948
11373 11105 25003 29768
22104 11433 28465 11514
53 10064 814 19081
1896 2745 20974 18805
10940 1204 24457 4856
603 2164 14974 5548
5736 96 17756 20143
18196 2359 18312 10838
25816 6143 29750 25977
2854 19505 22410 23548
10010 1645 25952 9847
2238 4839 10658 27499
911 1334 18168 9122
956 8763 21570 23785
627 4302 28774 10898
1218 10355 18018 21603
4898 13630 15902 21718
4574 22491 16343 26564
1541 10920 9084 26728
1893 942 7734 3860
19272 4164 22276 14773
4139 12276 19149 16787
9595 1668 19674 20088
1115 9246 22763 12323
5108 3367 16713 23719
8123 11241 24173 29022
21309 23689 28507 28196
10382 19000 16394 23493
11976 2805 21853 22634
13154 5461 26518 22132
12073 5031 18337 29320
4823 301 6987 23539
9120 7616 18422 11060
1759 1017 2649 19791
13635 1560 29563 1731
2374 28187 28688 28984
17525 5615 17965 20330
6915 12198 22970 18325
21285 23012 29089 26472
17258 4967 19533 12122
5071 708 12043 22803
5041 25611 29158 25716
15676 7261 27768 21278
38 96 12800 852
14617 5405 16185 13085
14718 13627 15962 28656
2708 13728 18710 19202
8565 5636 12112 8818
20851 9512 24616 14753
8857 917 23834 13591
1607 26283 16323 27296
6353 15164 18487 20052
18293 13882 28752 22037
1598 207 24682 3612
19185 21439 19621 29378
102 5693 29304 25425
6568 14865 7358 23557
7890 19324 22186 26837
3139 7589 6667 20520
7082 5388 13584 23564
1636 19546 21802 28047
788 218 2059 21744
7545 10981 20496 29268
15378 6786 25470 11990
12536 605 18134 19380
15948 12238 23606 12528
2618 16446 4313 21265
12777 5953 19686 21690
13338 7669 27167 17252
11646 16355 16204 25397
2571 2397 12296 3517
19389 4875 23726 24604
6847 9421 10657 13885
2367 1928 19432 28297
17207 16938 22961 22009
9819 22137 27259 29454
12316 18157 12859 21505
9739 1858 10960 11186
12227 230 14738 19855
1952 4778 2609 14238
17161 18344 20390 20902
12965 15758 21988 19357
7146 26980 12402 28980
824 2111 23542 22738
2104 14154 13586 20397
1199 1 2611 10511
6183 5622 14376 20387
177 5124 23599 5640
13557 9528 19541 18425
