18 69
33 31 34 36 38 31 39 30 332 345 312 3 3 3 3 3 3 3 
5 59 523 5 534 5 5 544 5 5 544 5 5 5 589 5 5 5 
12 12 12 12 12 12 3 4 3 2 3 4 5 6 7 8 9 0 
9 5 6 45 56 45 34 34 3 5 6 7 8 7 6 5 5 5 
534 5 5 523 5 6 6 6 6 656 6 6 6 6 7 7 7 8 
8 8 9 9 9 9 9 76 45 2 13 334 4 35 45 4 55 4 
665 6 5 6 56 7 7 768 76 8 67 5 45 3 4 23 233 4 
23 443 5 45 4 56 65 76 7 67 768 6 7 86 7 6 756 7 
5 5 6 64 5 34 3 45 43 5 345 5 66 56 765 7 67 876 
8 7 8 89 8 -68 67 5 6 455 34 5 34 534 5 34 5 345 
43 5 33 2 34 34 34 3 43 44 35 56 567 546 65 6 5 6 
56 56 44 43 4 4 334 34 3 4 45 56 456 6 6 656 65 7 
657 56 434 34 32 4 345 4 5 456 56 5 6 56 656 5 5 6 
4 3 3 4 23 234 32 4 343 23 21 2 11 2 3 32 2334 32 
43 4 45 45 4 545 6 546 66 56 76 76 77 786 8 67 4 5 
43 3 2 2 32 3 2 34 55 6 6 7 7 6 6 5 5 4 
4 4 3 3 3 3 3 4 4 5 5 6 6 7 8 8 8 7 
7 7 6 6 6 5 5 5 5 5 5 4 4 4 5 5 5 6 
