98 91
42 522 353 579 227 770 512 446 44 537 721 230 351 876 989 492 5 976 840 452 488 647 912 154 293 419 473 771 776 953 463 790 814 572 873 970 743 378 87 922 788 881 416 424 725 677 187 733 338 887 623 726 759 854 98 896 748 769 611 779 353 45 257 846 289 197 68 967 322 715 528 875 936 748 443 396 52 195 466 558 687 660 157 15 811 874 979 398 971 387 993 536 699 357 553 602 167 89
996 590 846 209 652 746 771 958 20 313 767 453 37 830 6 130 289 845 856 619 113 561 59 330 189 691 422 840 725 620 44 89 432 154 990 788 9 440 201 282 62 371 503 324 835 414 988 934 306 786 294 643 441 22 588 70 462 256 901 688 817 659 462 378 706 598 612 502 677 54 612 423 322 927 402 54 609 94 430 269 726 557 306 747 54 6 497 23 919 798 182 468 738 936 721 550 859 428
353 636 880 542 352 638 990 503 661 265 568 650 865 394 243 42 860 706 35 799 205 546 103 386 614 591 402 531 470 276 498 637 641 854 841 327 647 859 94 239 533 692 593 329 57 252 245 745 980 210 873 955 214 545 251 641 345 116 389 713 441 899 930 518 957 203 914 420 945 95 353 706 52 715 567 561 974 462 91 743 607 517 67 948 913 731 441 817 301 472 18 616 255 316 170 520 702 827
860 26 182 161 797 241 37 423 375 777 489 586 444 598 463 540 236 115 782 763 188 460 328 75 736 566 616 489 924 986 194 265 307 477 371 154 561 331 492 810 169 735 410 732 802 300 326 428 279 114 913 839 836 9 326 838 406 616 716 67 482 157 266 283 151 168 551 511 207 497 81 723 371 518 305 85 233 598 758 710 226 338 487 107 175 61 842 933 13 413 233 635 556 427 342 900 422 950
445 220 867 155 509 382 540 202 825 367 767 675 244 28 112 505 301 649 815 112 618 632 547 928 57 63 101 224 97 514 557 675 792 71 517 143 274 380 104 922 245 385 480 68 313 258 236 924 769 836 951 680 307 587 141 734 702 688 104 132 655 758 725 381 423 533 691 660 921 560 22 549 183 222 807 142 154 930 38 770 267 376 604 318 80 825 186 125 904 138 653 497 665 517 632 703 645 25
499 605 921 8 124 669 747 301 226 622 268 285 221 141 46 387 99 862 430 623 217 584 878 967 279 827 953 912 717 869 991 765 16 630 390 47 511 204 137 458 310 797 415 331 496 124 177 930 859 917 503 495 33 466 463 559 205 789 872 453 91 438 878 528 617 286 630 385 551 397 425 341 939 449 933 62 705 143 754 751 619 114 496 202 302 578 578 957 363 943 90 14 594 822 673 24 521 412
599 970 614 490 912 669 98 915 688 975 230 209 824 530 808 236 523 877 231 922 630 31 251 877 920 450 346 768 230 771 641 613 572 997 207 781 981 579 927 301 456 690 913 928 182 496 693 968 485 775 756 498 381 710 71 341 876 133 855 611 21 975 197 786 209 901 101 567 770 148 555 596 69 191 411 372 706 819 111 292 336 784 226 627 340 218 588 839 845 669 380 16 601 644 637 721 486 629
208 334 895 262 662 96 276 708 238 65 900 617 462 805 677 507 112 97 106 841 544 46 306 917 701 504 285 730 722 370 38 238 571 295 201 618 641 974 613 723 912 260 751 281 988 543 304 456 162 281 624 688 978 916 980 109 609 797 598 733 773 308 544 28 374 990 872 595 315 584 403 952 629 408 196 545 234 163 655 851 989 155 466 537 634 51 58 581 29 607 423 95 950 674 476 542 65 694
592 376 609 157 285 762 45 949 189 691 971 880 494 696 749 149 549 844 90 323 231 60 881 705 258 794 981 369 354 839 957 1 388 823 487 89 416 95 616 524 639 543 19 412 100 965 191 290 15 148 487 649 252 502 501 724 687 900 433 184 614 85 779 229 905 13 281 671 9 929 543 359 79 135 285 893 668 18 734 199 748 654 678 698 924 384 480 492 51 284 300 470 352 683 382 299 149 158
354 226 191 101 288 144 382 907 123 228 455 310 937 686 731 988 945 571 574 24 286 693 765 227 418 942 841 427 888 320 66 686 44 94 12 809 583 429 782 389 717 605 759 954 95 429 555 253 545 989 969 512 519 345 13 954 59 743 14 343 163 264 628 837 385 49 303 376 167 958 134 771 557 847 405 903 30 560 170 683 162 974 143 789 50 187 47 774 192 39 978 836 727 427 29 260 851 222
87 889 41 75 367 934 232 338 265 886 704 675 735 605 319 706 699 171 147 286 746 532 758 886 509 430 851 835 538 808 751 175 763 25 344 702 40 696 764 83 397 476 954 961 176 14 842 856 508 613 819 305 346 618 4 380 551 16 200 709 187 888 97 626 327 357 87 240 58 421 751 249 513 752 147 205 488 980 795 792 17 56 345 501 293 502 3 897 711 595 571 260 484 712 195 59 150 447
77 935 678 546 621 898 111 912 380 643 300 860 407 509 922 541 400 588 787 595 403 452 512 955 904 891 895 303 462 974 659 230 593 971 648 193 238 659 736 793 428 848 447 216 739 28 252 627 663 745 121 588 555 476 661 589 274 607 906 492 615 50 204 615 586 521 331 20 435 376 992 941 795 385 392 282 430 658 805 249 685 10 193 512 377 35 386 630 749 1 684 659 339 107 180 428 737 219
904 896 481 594 268 683 262 874 944 708 945 350 444 581 815 607 265 544 619 616 98 194 942 123 549 391 753 601 635 201 266 23 440 110 347 484 595 453 865 804 4 622 195 467 541 780 875 368 945 340 473 475 991 900 201 623 641 817 681 286 676 972 392 755 488 16 706 509 468 928 790 983 481 428 912 275 793 513 220 574 332 959 961 885 191 755 401 744 851 617 647 68 457 37 338 301 419 383
668 30 760 37 85 819 248 205 279 926 548 950 337 505 735 18 677 556 723 735 162 58 293 805 877 749 514 917 728 664 758 61 442 561 536 207 329 310 522 377 568 875 204 118 720 234 226 458 915 682 547 328 765 851 689 548 36 897 974 527 193 917 846 703 407 385 639 848 244 48 276 644 230 334 79 404 267 92 948 515 674 625 667 265 235 888 859 350 749 635 485 150 489 857 779 513 910 938
969 885 285 817 699 653 543 668 142 853 868 339 547 493 384 172 608 390 855 385 370 127 953 580 470 910 785 739 868 633 871 956 79 350 440 403 338 858 627 280 681 484 563 230 274 507 313 731 82 920 190 149 870 739 551 909 547 718 979 282 912 21 773 932 832 645 968 641 350 527 900 592 508 554 514 212 337 87 564 880 844 591 792 584 634 860 876 432 250 589 642 61 65 305 74 254 624 561
866 370 848 601 618 193 479 568 160 459 961 100 411 90 52 239 496 558 416 704 239 111 762 648 77 846 90 927 257 732 756 990 528 748 967 832 869 427 506 676 935 606 197 693 226 114 430 681 262 527 58 695 242 937 325 533 852 142 709 147 318 944 724 209 619 134 659 787 50 799 154 5 685 749 835 960 818 611 103 648 191 277 20 536 199 71 225 989 947 767 667 20 151 495 671 596 672 7
890 837 515 979 171 784 119 843 31 936 701 131 237 576 515 320 247 7 253 419 271 146 75 147 520 289 615 142 927 183 624 44 452 171 66 529 823 168 343 905 281 334 89 514 921 416 607 895 904 693 253 194 724 498 340 557 445 505 281 674 343 835 280 513 748 511 465 35 702 873 341 811 442 540 892 498 170 492 240 173 777 867 348 360 100 528 993 206 373 163 410 778 947 74 111 281 941 666
647 973 178 272 760 765 984 754 469 844 37 242 916 442 732 604 655 315 492 359 554 426 185 300 706 165 698 517 194 536 12 119 516 394 272 969 720 830 469 123 2 348 235 477 686 327 258 657 997 213 253 221 406 746 114 764 575 831 200 39 6 66 681 28 675 694 196 958 7 134 203 463 245 819 529 257 457 771 326 859 497 104 319 590 335 289 412 484 256 550 373 879 159 510 174 362 299 706
943 338 405 656 714 407 790 110 471 16 543 589 129 452 377 329 741 191 133 633 21 792 554 242 529 534 535 711 784 171 130 153 565 312 974 845 885 131 666 353 660 162 129 911 475 753 32 261 298 116 853 92 625 970 849 724 296 732 21 102 438 908 742 914 756 4 510 741 84 881 599 184 618 884 927 471 397 626 952 29 144 840 828 296 539 111 356 113 86 587 762 571 535 846 155 905 405 106
470 708 25 727 154 658 518 220 400 454 274 13 79 191 489 817 119 743 22 974 585 276 97 450 787 742 702 330 345 796 179 959 319 707 46 272 193 864 716 706 662 778 106 126 36 64 332 144 454 860 815 281 157 251 713 919 782 561 51 111 598 551 399 286 387 559 701 63 685 783 359 997 309 555 244 659 28 991 852 22 302 196 557 278 121 95 972 837 42 833 38 23 35 163 841 640 676 144
768 461 38 555 637 261 863 887 394 588 92 352 886 766 530 626 695 300 231 762 829 424 389 430 743 575 473 515 665 496 790 68 906 239 85 80 403 763 325 940 612 691 832 804 318 342 145 357 433 224 677 636 292 139 788 78 337 821 308 655 218 901 3 533 860 641 766 550 420 30 220 740 306 694 294 912 816 547 17 454 324 865 753 589 150 688 209 97 467 162 760 523 757 816 316 338 728 927
198 191 774 83 216 638 768 134 617 862 109 965 818 442 143 593 918 923 248 159 744 869 537 132 361 354 339 44 142 601 226 833 584 249 936 63 115 712 979 87 249 534 699 158 565 41 147 709 603 703 84 872 768 908 901 618 472 6 925 27 25 907 286 371 709 732 563 217 718 371 937 710 468 434 883 784 202 960 214 468 935 416 339 271 784 914 670 783 292 633 409 57 643 833 330 495 522 946
229 573 103 611 593 705 127 99 278 297 139 115 574 661 486 46 481 433 565 53 898 997 587 553 589 69 682 882 398 970 472 356 291 867 471 164 779 715 639 355 9 115 595 264 409 894 521 134 763 285 753 344 669 48 429 705 328 105 359 686 480 378 780 48 33 614 435 944 154 63 398 791 261 769 258 239 55 451 14 851 491 394 393 10 10 786 122 461 134 586 490 800 187 103 170 539 646 171
207 740 251 875 89 161 138 442 610 858 525 819 766 533 885 441 529 125 434 755 138 83 565 182 567 910 878 74 262 975 520 667 665 523 698 964 236 236 658 415 877 276 729 906 890 666 957 347 478 828 80 301 917 723 973 927 811 896 738 301 783 66 420 951 695 130 10 218 68 686 632 222 685 230 922 426 332 504 769 545 689 256 165 312 478 704 889 715 119 963 697 335 33 867 300 513 315 720
374 61 245 478 915 766 659 788 582 896 731 726 300 447 748 862 659 889 261 501 365 338 113 446 176 672 866 281 300 84 541 55 145 731 531 468 155 206 562 883 532 656 441 770 180 972 512 705 625 548 681 219 768 569 692 599 540 619 990 420 809 768 798 479 352 153 727 408 44 796 424 639 355 847 242 970 228 155 700 296 734 741 724 520 990 294 889 681 183 25 670 966 674 525 512 672 184 447
735 209 928 447 413 40 847 427 753 954 47 399 308 739 883 734 79 566 970 902 872 139 443 813 608 630 523 217 507 174 641 886 891 941 481 41 828 392 30 27 165 510 157 491 859 607 719 471 726 77 703 173 212 144 149 460 344 741 768 415 213 578 350 953 503 575 882 833 976 471 665 950 497 914 1 329 354 61 839 837 895 527 964 846 210 333 742 376 383 65 744 338 990 612 417 75 177 966
242 334 829 773 613 725 77 14 933 184 721 717 597 132 977 161 322 188 840 934 890 652 404 251 703 315 676 926 169 813 487 272 976 552 696 261 347 144 195 405 106 437 230 797 560 991 202 776 520 694 681 639 743 60 782 983 947 51 503 171 685 89 183 535 36 348 951 350 822 80 716 720 708 120 945 111 916 340 627 934 97 981 842 728 667 573 3 841 701 492 109 314 863 485 243 832 273 355
311 188 952 84 207 881 726 100 943 921 942 167 488 94 236 175 440 811 783 453 708 824 705 833 862 922 622 140 816 266 603 53 153 115 667 515 664 440 327 757 163 964 530 147 385 130 445 637 850 361 297 30 388 563 884 645 542 893 827 261 159 96 858 561 992 463 847 682 60 370 195 986 78 564 921 760 819 552 747 847 464 173 897 312 228 714 356 606 191 114 103 604 950 476 657 849 88 496
993 300 793 410 203 523 32 636 982 171 532 34 487 794 65 503 898 124 115 497 478 773 583 395 285 733 321 592 533 792 485 600 826 159 974 458 8 477 637 559 530 477 561 533 525 444 305 473 692 93 373 487 205 715 38 548 566 293 490 785 939 844 711 492 815 727 547 305 185 605 778 173 263 462 781 642 43 402 112 393 428 528 164 557 867 842 1 707 757 331 852 162 387 369 93 80 518 289
750 900 95 509 339 41 833 715 772 113 470 390 675 169 338 681 214 871 989 212 921 736 755 845 40 249 164 573 552 398 974 929 799 362 419 297 468 190 649 639 547 983 958 369 194 434 139 483 87 359 877 985 394 690 341 643 842 205 480 43 555 412 583 421 343 425 222 190 324 972 599 445 952 931 50 547 991 16 36 537 648 835 887 443 401 487 246 209 766 613 335 870 697 211 487 339 861 257
753 54 194 605 393 754 409 54 193 641 807 597 715 393 866 417 32 635 668 502 689 832 413 689 773 1 314 943 652 204 543 783 319 460 902 492 891 666 897 937 897 345 239 331 91 412 147 242 502 459 590 308 509 755 415 70 764 277 405 358 927 215 10 229 603 897 16 901 909 557 512 874 592 862 288 688 549 630 324 213 150 190 295 600 895 757 515 21 195 128 974 190 519 116 579 702 881 562
356 298 612 614 372 774 486 644 825 871 838 895 207 654 139 475 311 8 257 564 886 234 730 756 33 968 712 722 282 83 814 424 28 997 52 832 703 578 976 248 131 676 325 866 173 659 887 347 173 146 485 577 540 164 966 479 847 359 547 669 974 934 114 302 260 788 959 290 303 385 846 607 474 94 586 744 298 474 403 674 680 959 95 11 919 291 543 850 833 343 284 128 822 60 537 654 291 644
231 466 264 323 333 172 402 102 428 76 98 108 72 109 772 859 681 883 442 390 753 940 669 367 665 348 92 939 638 55 624 667 701 659 919 412 185 362 727 879 536 414 187 994 468 273 521 975 463 36 687 860 212 662 901 338 787 990 78 830 749 314 899 754 566 242 904 834 343 979 2 67 682 925 349 336 87 305 1 903 10 971 343 666 912 568 615 159 368 796 318 8 259 625 30 66 901 128
555 666 531 204 304 289 990 922 207 486 207 318 816 563 240 151 526 264 179 592 892 652 72 180 783 638 601 292 917 814 606 44 774 410 127 319 857 241 207 659 80 694 889 70 453 735 426 699 329 398 108 379 691 512 451 364 150 191 868 125 616 948 329 525 437 926 955 991 883 340 423 464 990 509 523 293 654 662 595 298 873 981 720 479 631 18 146 254 653 155 72 180 571 873 70 920 718 774
369 133 739 464 953 945 670 99 7 101 39 779 857 959 523 685 693 426 73 641 410 827 110 914 269 623 965 454 315 123 762 271 761 26 52 221 733 922 145 197 425 979 886 384 541 985 205 338 18 126 772 856 720 345 296 751 308 3 653 283 636 229 18 490 189 66 711 540 48 891 541 893 388 664 223 363 993 747 15 663 334 596 363 327 174 404 425 238 88 233 90 413 359 751 894 938 18 162
485 950 529 890 297 977 817 994 333 933 518 162 553 814 342 234 142 306 944 882 284 969 292 482 527 225 158 282 250 17 137 329 405 440 304 170 675 995 293 195 775 907 761 220 190 436 388 942 140 644 104 870 622 446 523 889 694 956 926 816 763 279 621 962 769 587 843 255 649 256 441 987 246 556 133 329 526 732 7 475 526 789 530 866 495 184 171 378 984 182 183 566 694 912 332 569 19 701
113 749 755 488 809 89 436 742 118 968 735 404 515 222 872 378 994 578 60 863 939 837 661 58 653 151 865 665 46 29 586 284 285 204 105 457 732 708 179 60 825 301 428 709 21 818 752 41 488 991 505 65 924 546 390 206 693 134 69 908 458 730 183 429 161 572 634 549 329 46 836 290 585 291 45 404 941 881 7 735 479 305 262 516 536 883 701 709 737 23 397 178 189 49 649 958 753 891
993 714 35 802 648 814 474 718 596 798 957 668 344 750 662 124 58 850 836 878 667 646 973 732 781 165 635 591 963 293 700 741 130 395 803 66 715 874 523 907 68 968 463 546 145 233 216 132 455 856 808 401 957 19 944 264 587 324 388 618 375 902 986 511 88 593 780 24 943 901 384 394 471 883 833 128 522 786 69 821 590 219 619 964 912 553 276 285 282 538 548 230 130 131 687 664 89 806
758 978 973 923 191 118 62 937 305 533 727 348 833 104 432 909 953 65 875 844 343 279 633 316 410 170 744 37 757 81 584 226 582 17 717 561 430 832 389 21 223 731 545 443 415 89 251 538 553 830 190 677 876 537 116 326 183 291 873 745 242 711 198 267 18 920 949 30 942 375 977 711 259 331 496 460 264 436 153 997 339 381 599 295 828 898 898 398 858 692 174 379 667 57 385 175 610 265
255 734 920 116 654 955 866 318 504 980 715 483 80 351 620 68 721 668 764 411 727 388 355 718 565 113 184 422 440 554 964 589 811 215 175 242 78 126 553 524 625 51 731 775 407 413 159 889 573 365 605 529 314 912 368 353 377 120 22 194 823 571 602 818 75 796 731 614 607 614 477 423 56 566 949 139 350 31 101 827 306 277 488 523 667 883 916 426 535 897 765 35 234 153 694 251 761 73
109 44 310 847 981 600 985 627 169 337 422 342 910 103 209 25 304 735 505 240 538 278 770 278 23 947 667 116 599 161 596 688 303 143 684 877 65 152 22 192 995 351 241 248 707 441 436 419 29 58 379 808 821 357 548 941 942 220 828 708 593 336 835 892 402 340 67 449 770 15 754 541 69 167 855 940 660 821 681 270 124 186 407 453 141 626 469 43 706 209 120 803 606 938 341 654 243 472
358 932 935 769 924 421 699 250 891 244 857 196 772 710 668 631 277 191 919 158 403 51 835 950 642 570 618 245 505 271 15 589 33 729 580 249 669 303 228 477 802 535 40 159 405 205 962 580 379 67 507 264 621 301 812 297 210 203 396 769 858 633 125 416 664 266 373 518 992 119 73 400 614 691 264 549 677 72 659 165 938 22 33 903 133 324 133 36 925 919 26 543 802 230 601 221 863 260
769 892 172 259 275 782 919 148 111 185 689 826 891 189 619 155 542 748 210 241 378 368 872 574 109 701 272 4 690 350 212 194 680 797 613 709 958 931 283 962 340 525 943 848 151 273 780 461 141 244 532 36 351 575 963 706 36 496 69 493 258 691 119 707 134 301 866 54 870 697 567 366 503 10 812 971 541 976 491 229 711 810 647 881 738 611 280 486 513 817 398 702 250 215 301 470 871 579
744 328 241 143 340 600 799 715 69 361 391 275 515 372 929 253 504 554 180 244 871 974 903 803 336 224 505 428 313 908 896 59 197 899 514 735 137 82 19 571 353 40 377 215 58 234 785 745 918 415 66 49 494 799 486 434 490 110 808 787 406 879 523 400 43 134 759 29 793 974 193 145 709 92 795 522 288 49 655 710 977 288 871 147 336 211 590 465 75 10 569 158 272 267 721 649 633 579
264 377 984 748 417 114 320 461 33 601 679 943 100 679 173 590 827 866 419 350 333 764 102 31 543 612 565 576 511 229 462 256 663 419 89 759 963 401 364 821 218 67 810 348 731 562 721 337 249 89 338 923 614 446 188 10 973 903 381 614 832 531 751 37 217 135 775 527 764 442 160 771 706 805 557 308 686 642 521 997 67 225 253 266 656 860 484 973 327 464 515 344 545 468 397 125 531 180
962 196 663 511 557 172 205 656 499 301 413 452 929 375 563 906 296 865 931 610 145 815 679 529 465 490 159 323 160 184 568 621 731 604 559 796 282 672 35 397 917 831 881 762 116 260 380 442 32 114 499 936 457 750 600 153 429 934 368 356 70 602 640 738 996 88 138 199 54 190 737 347 798 35 250 591 239 373 636 544 460 551 799 925 846 588 607 193 44 726 789 342 162 234 546 354 380 138
997 122 996 428 346 772 825 463 456 334 203 561 808 274 686 887 731 177 9 733 107 188 776 669 824 163 868 253 570 230 66 408 532 220 244 225 370 752 257 572 361 626 576 1 722 103 250 460 441 392 766 917 584 618 670 861 656 211 498 831 215 675 942 581 446 654 452 739 409 770 910 974 874 219 931 58 689 310 389 159 394 925 90 732 153 644 597 166 524 988 885 71 466 81 607 233 830 432
756 595 814 792 451 911 564 501 843 96 507 122 779 507 975 839 937 97 269 102 4 598 716 248 477 60 799 370 85 960 100 71 224 9 291 923 967 183 907 843 154 934 326 305 70 321 359 969 684 388 745 766 762 475 311 242 512 219 42 421 502 531 314 594 388 519 756 219 662 214 711 992 971 595 512 706 602 42 629 269 830 581 881 233 726 602 32 207 837 693 366 782 160 599 455 11 455 665
755 667 629 725 159 938 414 949 56 714 895 671 663 924 749 243 196 630 177 350 925 886 835 958 439 816 190 114 693 563 364 178 180 81 472 336 621 50 725 206 292 662 568 842 522 511 215 532 818 174 232 711 692 274 888 83 275 560 561 651 579 15 591 379 139 669 823 684 259 68 561 424 48 560 936 478 51 705 270 72 242 745 444 842 83 597 516 589 240 131 679 218 253 230 613 56 364 862
1 1 3 1 1 3 2 3 3 2 1 1 2 2 2 2 2 3 2 3 2 3 3 1 1 2 1 1 3 2 1 2 2 1 2 2 2 1 2 3 1 2 2 1 1 2 1 1 1 1 3 2 2 2 1 1 2 1 1 1 3 2 1 2 2 2 3 1 1 2 3 3 2 3 2 1 2 2 1 3 2 1 1 2 1 1 3 2 1 1 2 1 2 3 2 1 3 1
2 3 1 1 3 1 3 2 2 3 2 2 1 3 2 2 1 3 3 1 3 2 2 3 1 2 2 3 3 2 3 2 1 3 2 2 2 1 2 2 3 1 1 1 3 1 2 3 3 2 3 2 3 3 1 2 3 1 3 1 3 2 1 3 1 3 3 3 2 1 1 3 2 2 1 3 2 2 1 1 3 2 1 3 3 3 1 3 2 2 1 2 1 2 3 1 1 2
1 2 2 2 2 2 1 1 2 2 1 1 2 3 1 3 3 2 2 2 2 2 1 1 1 3 3 2 3 1 1 2 3 1 3 1 1 3 1 3 2 2 2 3 2 2 3 1 1 2 2 2 2 1 3 3 1 3 1 3 1 3 1 2 3 1 3 1 2 3 1 3 2 2 3 3 3 2 1 1 3 1 3 1 2 3 2 2 1 2 1 2 1 2 1 3 1 2
1 2 2 2 3 2 3 3 3 2 1 3 3 2 1 2 2 1 3 3 1 2 2 2 3 2 1 1 3 3 2 2 3 2 1 2 3 2 3 1 2 3 1 2 2 1 1 1 3 1 1 3 1 1 3 2 3 3 1 3 2 3 3 1 3 2 1 3 1 2 3 2 2 2 1 2 1 3 3 1 2 2 3 3 3 1 1 1 2 1 2 2 1 2 3 2 2 3
3 1 1 1 3 2 1 1 2 1 2 3 2 3 2 1 2 2 2 3 1 1 2 2 2 1 2 1 2 3 2 2 2 1 3 2 3 2 1 3 2 3 2 1 1 3 1 2 3 3 2 1 1 3 1 2 3 1 2 3 3 3 1 2 1 2 3 1 2 2 1 1 1 3 3 2 1 1 3 3 2 1 3 1 3 1 3 1 2 2 3 1 3 3 1 1 3 1
2 2 1 2 1 3 1 3 3 2 1 3 3 1 3 3 3 3 3 2 2 1 3 3 3 1 3 1 2 3 2 2 3 1 3 3 2 3 3 3 2 3 2 2 1 3 3 2 2 1 3 1 3 3 3 3 1 3 2 1 2 3 3 1 3 1 3 2 2 2 2 2 2 1 2 2 2 2 3 3 1 2 1 1 1 1 3 2 2 3 3 2 2 1 1 1 1 2
3 2 2 3 1 3 2 1 1 3 1 2 1 1 1 2 2 1 2 2 3 3 1 2 2 1 3 3 1 2 2 1 2 3 3 1 3 3 1 1 3 3 3 1 3 2 3 3 2 2 2 1 2 3 3 2 3 3 2 1 3 2 2 2 1 1 1 2 3 2 2 2 2 2 1 1 1 3 1 3 1 1 2 3 2 3 3 2 1 3 3 2 2 2 3 2 3 1
1 1 2 3 2 2 3 3 3 3 2 3 3 2 3 3 3 2 3 1 3 3 2 1 1 2 3 1 2 2 3 1 3 3 1 2 1 3 1 1 3 1 3 2 3 3 2 1 1 2 2 1 3 1 1 1 1 3 3 2 3 2 1 2 1 3 3 3 1 1 1 3 1 3 3 2 1 2 2 2 2 2 3 3 1 3 3 1 3 1 1 2 3 1 3 1 1 1
1 1 1 1 1 1 3 2 2 3 2 1 3 1 3 2 2 3 2 3 3 1 2 3 2 3 3 2 3 3 1 3 1 2 3 1 3 2 1 3 1 2 3 2 3 3 2 2 3 2 1 2 3 2 2 3 3 1 2 3 3 3 1 3 3 2 2 3 3 3 1 3 1 3 3 3 2 1 2 1 1 2 2 3 3 3 3 3 3 2 2 1 1 2 2 3 2 3
1 3 2 1 2 1 1 1 3 1 1 3 2 3 3 3 3 1 3 1 1 3 1 1 2 2 3 1 2 1 3 1 1 1 2 3 3 2 2 2 1 3 2 3 1 2 3 2 3 2 2 3 1 1 1 3 1 1 2 2 1 1 1 2 2 2 3 2 1 1 1 3 3 1 1 1 1 3 2 1 1 1 1 2 1 1 3 2 1 1 2 1 3 3 1 1 1 1
2 3 3 3 2 2 3 1 1 2 2 2 1 1 3 3 2 1 2 1 3 2 2 2 3 3 1 3 2 2 1 3 1 2 1 2 2 2 1 2 3 3 1 3 3 1 1 2 1 3 3 3 3 3 1 1 2 2 1 2 3 2 1 3 3 2 2 2 3 3 2 1 2 2 3 2 3 3 2 3 1 3 2 2 2 2 1 1 1 2 1 3 3 3 2 2 1 1
2 2 3 2 3 1 3 3 2 1 1 2 1 2 2 1 2 2 3 2 2 3 2 1 3 2 3 2 2 3 2 1 1 2 1 1 2 3 3 1 2 2 1 1 1 1 3 3 2 2 3 3 1 3 3 1 3 3 3 3 3 1 3 2 3 3 2 2 3 3 1 1 3 1 3 2 2 1 1 2 2 3 3 1 3 1 2 3 3 2 1 2 2 2 3 1 1 1
2 1 3 3 3 2 2 1 2 2 3 2 1 3 2 1 2 3 1 1 2 2 1 1 3 1 3 1 1 3 1 2 1 1 3 3 2 2 3 3 2 3 3 3 2 2 1 3 1 3 3 1 1 3 3 1 2 3 1 1 2 1 1 1 3 3 1 3 1 2 2 1 1 3 2 3 3 2 2 1 2 2 1 3 1 2 3 3 1 1 2 1 3 1 1 1 2 1
1 2 1 2 3 1 1 1 2 2 3 1 1 2 1 1 3 3 1 3 1 2 2 1 2 1 2 1 1 3 1 2 1 2 3 3 1 2 3 1 3 2 2 3 3 3 2 3 1 1 1 1 1 3 3 3 3 1 2 1 1 1 2 2 2 2 2 2 1 1 3 1 2 3 3 3 3 2 3 2 3 3 1 2 2 3 1 3 3 1 1 1 3 1 1 3 3 1
1 3 2 1 3 3 1 3 2 3 1 3 2 2 2 2 2 2 1 3 2 1 1 2 3 3 2 3 3 2 3 1 1 3 1 1 1 1 3 1 2 1 1 3 2 2 3 3 3 2 1 1 3 1 3 1 1 1 2 1 3 3 1 1 3 2 1 1 2 3 2 2 2 2 1 3 1 1 3 2 3 3 1 2 3 3 1 2 2 2 1 3 2 3 1 2 3 2
1 3 3 1 3 2 3 3 2 1 3 1 2 3 1 3 2 3 3 1 2 3 3 1 1 1 3 2 3 3 2 3 1 1 2 2 1 3 2 3 2 2 2 3 1 1 1 1 3 1 3 2 2 2 2 1 3 1 1 3 1 1 1 2 2 3 3 1 2 3 3 3 1 2 2 2 3 1 2 1 1 2 3 2 1 3 3 1 3 1 1 2 3 2 2 1 3 2
3 1 1 2 1 3 2 1 1 2 1 2 3 1 2 1 3 1 3 3 2 1 1 2 1 2 3 2 2 2 3 3 1 2 3 3 1 2 2 2 1 2 1 2 2 2 3 3 3 1 2 1 2 2 1 1 1 3 3 3 2 2 3 1 1 3 1 3 3 2 1 1 1 3 2 2 2 1 1 3 1 2 1 3 1 2 2 3 1 3 3 2 3 2 1 3 2 2
1 2 1 2 3 1 1 3 1 1 3 3 1 1 1 2 3 3 3 3 1 3 1 2 1 1 2 1 3 3 2 3 3 1 1 3 1 2 2 3 2 1 3 1 3 3 3 2 1 3 2 1 2 2 1 1 1 1 1 2 2 1 1 1 2 2 1 1 3 3 2 3 2 1 3 1 3 3 1 3 2 2 2 2 2 3 1 2 1 1 2 2 3 3 3 1 2 3
3 2 2 3 1 2 2 3 2 2 2 3 3 3 1 2 3 2 3 1 3 1 3 1 2 2 2 3 3 3 1 3 1 1 2 1 3 3 2 1 1 3 1 3 2 3 2 3 1 1 1 1 1 2 1 2 1 2 2 1 3 1 3 1 2 1 3 3 2 2 3 3 2 1 2 1 3 2 1 2 2 3 1 3 1 3 2 2 1 3 2 3 1 1 2 1 1 3
3 2 2 1 1 2 2 3 2 2 2 2 2 2 3 2 1 2 1 2 1 1 3 2 2 2 2 2 1 1 2 1 1 2 3 1 1 3 2 3 2 3 3 3 2 3 1 3 1 3 1 3 2 3 1 2 1 2 3 3 3 2 3 3 1 1 3 1 3 3 1 2 1 1 1 3 1 2 2 1 1 3 3 1 2 2 2 3 3 1 1 1 2 1 3 2 1 2
2 1 1 2 1 1 2 3 3 3 1 1 3 2 1 2 3 2 1 1 1 1 2 1 2 1 1 1 2 1 3 3 3 3 2 3 1 3 1 1 1 1 1 1 3 1 2 2 1 1 2 1 1 3 2 3 3 3 2 3 3 1 3 2 1 2 3 2 1 2 3 3 2 1 2 3 2 3 1 1 2 2 3 1 2 2 1 2 2 1 1 3 2 2 2 1 1 2
2 2 3 2 2 3 2 2 3 2 3 2 2 2 3 1 3 1 2 3 3 3 1 2 2 2 2 1 1 2 3 3 1 3 3 3 1 3 1 2 1 1 1 3 2 2 2 1 3 1 2 1 1 2 2 3 3 1 3 3 3 1 1 3 3 3 3 1 2 1 3 3 3 2 3 1 3 2 2 2 2 1 2 1 3 1 3 3 2 1 2 2 1 2 2 1 1 1
2 3 3 2 3 1 3 1 3 2 3 1 2 2 3 1 2 1 1 3 2 1 3 2 3 3 3 1 1 1 2 3 2 3 3 2 2 2 1 1 1 3 3 3 2 1 3 1 3 1 2 2 2 2 2 1 3 2 2 2 3 1 3 3 1 1 2 1 1 3 2 3 1 3 1 1 1 2 3 3 3 2 3 2 2 2 1 2 1 1 1 2 3 1 2 1 1 3
2 3 3 1 3 3 3 3 1 3 3 3 2 1 1 2 2 3 3 2 2 2 2 3 1 3 3 2 3 3 3 2 2 1 3 2 3 1 2 2 2 1 1 2 3 1 2 3 2 1 3 3 1 2 3 3 3 2 2 2 1 1 3 3 3 2 3 2 2 2 3 2 3 3 2 1 2 1 1 2 3 1 3 3 1 2 1 1 1 1 3 3 3 1 3 2 3 2
2 2 1 2 1 1 2 3 2 2 2 1 1 2 3 3 2 3 1 3 2 2 2 2 3 2 2 3 1 2 2 2 2 2 1 2 2 3 3 1 3 1 2 2 1 1 3 1 2 1 1 3 3 1 1 2 1 3 2 1 2 1 3 1 3 2 3 1 1 2 2 3 1 3 3 1 1 2 1 1 3 2 2 3 1 1 2 2 2 1 1 1 1 1 3 1 2 2
2 2 1 3 2 3 3 3 3 3 1 1 2 3 2 1 2 3 3 2 1 2 3 2 3 3 1 2 1 3 1 1 3 2 3 3 1 2 2 2 3 1 2 1 2 1 3 1 1 3 3 2 1 3 2 3 1 2 3 1 3 1 3 3 2 3 1 2 2 3 1 1 2 1 2 3 3 3 3 3 1 3 3 1 2 2 3 3 1 3 2 2 1 2 3 1 3 3
2 2 3 1 2 3 1 2 2 1 2 2 1 3 3 3 2 2 2 3 3 2 2 1 2 1 3 3 3 1 1 2 1 3 2 3 1 3 3 2 1 3 2 3 3 3 2 1 2 1 2 3 3 3 3 1 3 1 3 2 2 3 3 1 2 2 2 3 3 1 1 2 3 3 2 1 3 3 1 2 1 1 2 2 2 3 2 3 3 3 1 3 1 1 3 3 1 2
2 3 3 2 1 2 1 2 1 3 2 3 1 1 1 2 2 1 2 1 1 2 1 1 1 3 1 2 2 1 3 2 2 2 1 3 2 3 3 2 3 1 1 2 1 3 1 3 3 3 3 2 2 2 1 1 3 1 2 2 3 3 2 3 1 2 2 3 1 3 3 2 3 3 3 1 1 1 3 3 1 1 1 3 2 3 1 1 2 3 2 2 1 3 1 2 1 2
2 3 2 3 1 2 2 1 3 1 3 1 1 2 1 2 1 3 3 3 3 2 1 2 1 2 3 3 2 1 1 2 2 1 2 2 3 3 2 2 3 3 1 2 2 3 1 2 3 1 3 3 2 1 1 1 3 1 1 2 3 3 3 3 3 2 2 1 1 3 1 2 3 1 1 3 1 3 3 2 1 3 1 1 3 2 2 2 2 1 2 1 3 1 1 3 3 1
3 2 3 2 2 3 1 1 3 2 2 1 3 1 3 2 1 3 2 1 3 1 1 3 1 3 1 3 1 2 3 1 1 1 1 3 1 3 2 3 2 1 3 3 1 2 3 2 1 3 1 2 3 3 3 3 3 2 1 3 1 1 2 1 2 2 2 3 3 1 2 1 1 3 2 1 1 3 2 2 2 3 1 3 1 2 2 3 1 1 3 1 1 1 3 1 2 3
2 3 2 3 2 3 3 2 2 3 3 1 3 3 3 3 2 1 1 3 3 2 3 1 3 3 1 2 1 1 1 2 1 2 1 1 2 2 1 2 3 1 2 2 2 2 1 2 3 1 2 2 3 3 3 1 3 1 1 1 1 1 2 3 3 2 1 3 1 3 1 2 3 3 2 3 3 1 2 1 3 1 3 1 3 1 1 1 3 2 3 3 3 3 1 2 1 1
3 1 1 1 3 3 1 3 1 2 2 1 1 2 1 3 2 2 1 1 2 1 2 2 3 3 3 3 2 1 2 2 1 1 3 1 2 3 1 2 2 1 3 2 3 3 2 1 2 1 1 1 3 1 2 1 1 1 2 2 2 2 1 2 1 3 3 3 2 3 1 3 1 1 2 3 2 1 1 1 3 2 2 2 2 2 3 1 2 1 2 3 2 1 1 2 1 2
2 2 1 2 3 2 1 3 1 3 2 2 3 3 2 2 3 1 2 2 2 1 1 3 3 3 1 3 3 1 2 2 1 2 2 3 1 3 3 2 2 1 1 1 3 2 1 1 2 1 2 2 1 2 2 1 1 1 2 2 2 2 2 2 3 1 3 2 1 3 3 1 1 1 1 1 3 2 3 2 1 1 3 1 2 1 1 3 1 2 1 1 3 1 3 3 1 3
1 2 1 2 2 1 3 2 2 1 1 2 3 1 3 1 2 3 3 2 2 1 2 2 1 3 2 1 1 1 3 2 2 3 1 1 3 3 1 1 1 2 1 3 3 3 2 2 1 3 3 2 1 2 1 2 1 1 3 1 1 2 1 3 3 3 2 3 2 2 3 3 2 1 2 2 1 2 3 2 1 1 2 3 1 1 3 3 1 1 1 3 3 3 1 2 3 2
2 3 2 2 1 2 1 2 2 1 1 1 2 2 2 3 1 1 3 2 1 2 2 2 2 2 2 1 3 1 3 3 2 2 3 2 1 1 3 3 1 1 2 2 3 1 2 1 2 3 1 3 3 2 3 1 2 3 3 2 2 2 3 3 2 3 2 1 2 3 2 1 1 2 1 3 1 3 2 3 3 2 2 1 3 1 2 1 2 2 1 1 3 3 2 1 2 2
1 2 2 1 2 1 1 3 2 1 3 1 2 3 3 3 3 2 3 1 3 2 2 3 3 2 1 3 1 2 3 3 1 3 2 2 2 1 3 1 3 1 2 3 2 2 1 1 3 1 1 1 3 2 2 2 3 2 1 1 2 1 1 3 3 2 1 3 3 2 2 2 2 1 3 3 2 3 3 3 3 2 1 2 2 1 3 1 2 3 1 1 3 1 1 3 3 2
2 3 3 2 2 2 1 1 1 1 1 1 2 1 3 1 3 3 2 3 3 2 1 1 3 2 3 3 3 3 3 2 3 1 1 1 3 3 3 1 3 2 1 3 3 2 3 2 2 1 2 2 1 2 3 3 1 2 3 1 1 2 2 2 1 1 3 1 1 2 1 2 3 3 3 3 1 3 3 1 1 3 2 2 3 3 1 1 2 3 2 2 1 2 2 1 1 3
3 3 1 2 1 3 3 1 2 1 3 2 1 2 3 1 1 3 2 1 2 2 1 1 1 2 2 2 1 3 3 1 1 2 2 1 2 3 2 2 1 2 3 3 1 1 2 1 2 1 3 2 2 1 3 2 2 2 2 1 2 3 3 3 2 3 2 1 3 3 2 3 3 3 1 2 3 2 2 3 3 1 3 3 3 1 3 2 1 2 2 1 3 1 3 1 3 1
3 1 3 1 2 3 1 3 1 3 2 3 3 1 3 1 1 1 3 3 3 2 2 2 1 2 3 1 2 3 3 2 3 1 2 1 1 1 3 1 3 1 2 1 2 2 1 1 2 2 3 3 1 1 3 3 3 2 2 1 3 2 3 3 3 2 3 2 3 3 1 3 1 2 1 3 3 3 3 2 3 3 3 1 3 2 3 3 3 2 3 1 2 2 2 2 1 2
1 2 3 2 1 2 1 2 3 2 3 2 1 2 1 1 2 3 1 1 1 3 2 3 3 1 3 3 2 1 1 2 2 1 3 2 3 2 2 2 3 1 2 2 3 1 1 3 2 1 3 3 2 2 2 2 2 1 3 2 2 3 2 2 2 3 3 1 1 1 3 2 1 1 2 2 3 2 3 1 3 1 1 3 2 3 2 2 1 1 3 3 3 1 2 1 1 2
2 1 3 3 3 1 2 2 3 3 1 1 2 1 3 2 3 3 3 3 2 1 2 1 3 2 3 1 3 3 3 3 2 2 1 1 1 3 2 1 2 2 3 2 3 3 3 2 3 2 1 3 1 2 2 3 2 3 3 1 3 2 2 3 1 1 1 2 1 1 3 3 3 1 1 1 1 1 2 1 1 2 3 1 2 2 1 3 2 2 2 1 1 1 3 2 3 2
1 3 3 2 2 1 2 2 1 2 3 1 2 2 3 3 1 1 3 3 3 2 2 2 2 1 2 2 1 1 1 2 1 1 2 3 3 1 1 3 1 2 3 1 3 1 3 2 3 3 2 2 1 1 1 2 2 3 3 3 3 3 2 2 2 2 2 1 2 2 1 3 3 3 2 1 2 3 2 1 1 1 1 1 1 3 3 2 1 2 3 2 2 3 3 3 2 2
3 1 2 1 3 1 2 2 2 3 3 1 2 3 1 1 2 2 3 3 3 2 3 3 2 1 2 3 1 2 1 1 2 1 2 2 1 2 2 2 1 1 1 1 1 1 2 1 3 3 3 3 3 2 1 2 3 3 1 1 3 1 2 3 1 1 1 1 1 2 3 3 1 1 1 1 1 3 3 3 3 1 3 3 3 1 3 2 1 2 3 1 2 1 1 2 3 3
3 2 3 1 1 3 2 3 3 2 2 1 3 2 1 3 2 3 3 1 2 2 3 3 1 3 1 2 1 2 1 3 1 2 1 1 2 2 2 2 3 3 2 3 1 2 3 1 2 2 3 2 1 3 2 3 2 3 3 2 1 2 3 3 3 2 3 2 3 2 2 2 3 2 3 1 2 1 2 1 2 3 2 2 2 2 1 1 2 3 1 3 3 3 3 3 3 1
3 3 3 2 3 3 1 3 2 1 1 2 2 2 1 3 3 3 1 1 2 3 2 2 1 2 2 3 3 2 3 2 2 3 2 3 2 2 3 1 2 1 1 2 1 2 1 3 3 1 1 3 2 3 1 2 2 3 3 2 2 2 2 2 2 1 2 3 3 1 3 2 2 1 1 2 1 2 1 3 1 2 3 2 1 3 1 2 2 2 1 2 3 2 2 1 1 1
3 1 2 1 3 3 1 2 1 1 1 2 1 3 1 3 1 3 2 3 3 3 1 2 2 3 2 3 2 1 1 1 3 3 1 3 2 3 2 3 3 3 1 3 2 3 2 1 3 1 2 3 3 3 1 1 2 1 3 3 1 3 1 3 3 2 3 2 3 3 1 1 2 1 3 1 2 3 1 2 1 1 1 2 2 3 3 1 1 3 2 2 1 2 3 2 3 1
3 3 2 2 2 1 3 2 2 3 1 3 3 3 1 1 2 2 1 1 2 3 2 3 1 2 2 2 3 2 1 1 2 1 1 2 1 1 3 3 3 3 2 2 3 2 1 3 1 3 2 1 2 1 2 2 1 2 2 2 2 3 2 3 2 3 2 1 2 1 3 3 3 1 1 1 2 1 2 1 1 3 1 3 2 3 3 3 2 1 2 3 1 3 2 1 2 2
1 3 1 2 3 1 2 2 2 1 2 3 1 3 1 2 1 3 3 3 3 1 3 2 1 3 1 1 1 3 1 1 2 2 3 1 2 2 2 3 1 2 2 1 3 3 3 3 3 3 2 3 2 3 2 1 1 1 2 2 1 2 3 3 1 1 2 3 3 3 3 1 1 2 3 3 2 1 1 2 1 3 1 1 3 1 2 1 1 3 2 2 3 1 1 2 2 2
2 3 2 3 1 2 3 2 3 2 1 1 3 3 1 3 1 2 3 2 3 1 1 2 1 3 3 2 3 3 2 2 1 2 2 1 1 2 2 1 3 1 3 1 1 2 1 1 2 1 3 2 2 2 3 3 1 1 2 2 1 1 1 3 2 2 3 3 2 1 2 1 3 1 1 1 2 3 2 3 2 3 1 2 1 3 3 2 3 2 3 1 2 2 3 1 2 1
