85 55
41 53 97 67 62 82 93 54 34 11 62 29 16 96 61 95 25 62 75 90 18 51 41 54 94 7 96 5 17 95 2 45 20 54 87 13 26 64 7 93 92 51 38 39 51 11 93 88 38 37 5 23 91 87 39 88 11 39 7 85 40 65 14 60 90 10 31 32 58 76 23 45 50 96 16 5 57 15 39 83 27 50 27 55 45 
59 16 50 71 73 15 66 74 37 92 55 80 3 60 8 81 29 85 57 33 30 18 29 92 12 71 35 95 64 33 87 47 30 48 78 28 24 53 24 80 17 93 31 71 73 26 61 12 43 7 64 21 95 88 51 13 11 33 87 95 98 34 56 65 75 86 97 83 61 78 62 9 20 51 71 85 23 3 44 65 48 73 81 38 95 
94 47 68 31 42 63 24 33 66 31 64 81 53 19 84 20 69 26 10 71 65 43 96 10 86 45 54 83 43 10 53 92 26 27 8 2 85 74 28 9 86 19 3 38 40 32 27 91 24 87 31 3 10 98 23 54 93 84 87 95 47 35 86 8 91 31 78 60 25 16 98 23 73 56 38 53 15 19 49 27 65 60 17 57 33 
74 28 35 65 20 70 45 84 30 2 21 26 39 22 56 92 63 73 35 26 20 26 35 15 40 41 36 36 87 9 88 52 91 26 88 61 43 6 96 31 44 11 75 80 62 77 45 91 81 41 61 68 16 16 8 49 42 37 90 2 48 43 58 55 55 76 13 66 79 94 29 30 22 71 67 35 46 80 93 96 19 32 79 44 86 
56 1 0 55 21 17 50 56 56 36 7 55 84 64 85 85 30 26 1 82 90 56 85 71 65 77 57 6 27 26 18 8 92 57 19 96 19 5 89 59 76 5 39 65 5 61 44 58 8 84 30 35 18 62 52 53 62 82 93 59 52 95 80 94 65 26 33 65 8 4 50 40 35 51 58 43 34 74 92 24 16 9 81 71 54 
62 77 43 95 2 95 79 80 44 39 86 14 64 37 44 10 20 86 14 58 76 41 32 22 42 2 46 44 13 86 67 46 92 25 21 91 41 28 51 32 85 28 69 73 45 1 5 94 20 72 32 64 87 36 60 61 58 63 22 75 20 51 85 85 50 79 8 71 13 24 44 74 94 97 53 76 43 64 97 80 31 4 81 75 5 
66 37 90 74 92 82 89 61 50 68 12 91 49 55 49 38 92 12 21 4 26 88 52 47 42 59 26 37 1 80 6 54 24 60 1 6 25 93 64 82 33 46 13 31 63 50 42 51 12 91 33 6 10 57 26 53 16 14 45 84 2 83 69 72 73 11 25 22 21 56 74 33 20 34 21 43 73 14 59 92 33 8 20 52 68 
78 22 68 45 65 93 76 70 78 75 5 53 50 42 56 58 4 90 73 4 30 16 62 53 2 12 13 78 64 32 54 41 3 58 9 55 6 74 77 89 88 30 8 69 29 81 1 41 7 83 74 47 16 27 82 95 5 2 71 42 55 74 82 93 15 52 97 48 9 39 10 66 71 38 47 5 81 19 4 90 67 15 16 87 57 
26 54 19 46 32 39 92 55 93 68 9 38 19 70 95 34 84 57 28 18 96 94 10 25 76 75 54 22 50 87 33 8 35 91 63 86 1 94 66 24 86 0 95 24 67 71 39 25 57 59 25 54 6 37 11 60 21 85 1 44 44 86 62 2 23 66 86 16 5 26 74 5 93 27 79 65 4 51 97 9 45 19 26 40 58 
63 3 75 68 62 17 41 56 21 28 60 3 9 72 64 35 30 0 28 4 56 14 83 35 75 56 98 88 96 29 72 46 78 55 40 81 92 17 51 38 9 52 87 37 7 24 92 82 16 93 6 53 56 67 37 60 14 76 91 71 11 45 77 56 93 5 11 69 25 32 53 37 75 31 72 34 13 70 96 32 97 84 35 25 54 
39 19 77 49 88 68 27 42 14 21 72 31 66 28 88 66 19 52 3 57 32 87 49 35 57 9 67 2 68 0 49 36 41 55 82 70 94 92 33 28 92 98 77 18 23 13 42 80 52 96 76 0 94 90 83 42 56 92 69 64 17 63 0 47 13 6 66 79 71 17 15 68 65 45 50 97 29 74 78 96 34 61 98 58 30 
24 88 60 58 48 12 29 69 78 3 93 15 69 17 83 65 73 47 19 31 24 64 16 13 7 97 95 82 59 6 95 19 15 58 78 76 9 71 49 40 78 28 38 28 72 22 4 95 81 47 97 17 39 92 35 73 86 39 24 42 40 33 83 18 72 36 43 48 43 18 89 15 84 91 6 55 80 60 65 53 43 81 79 69 25 
5 21 82 74 96 82 75 82 10 9 54 91 12 58 29 52 18 22 49 98 57 79 25 93 14 8 98 46 64 1 56 50 66 50 82 18 5 38 71 4 65 62 24 54 22 89 0 75 37 26 73 10 37 2 80 43 57 77 68 64 54 55 68 18 39 11 87 47 51 9 37 54 22 45 1 21 50 63 61 82 35 97 88 90 86 
74 93 95 64 31 67 50 58 0 16 71 83 0 86 74 63 79 2 18 2 66 25 42 27 62 37 79 72 35 67 96 14 59 54 54 4 32 75 45 33 45 36 77 56 20 36 1 22 90 18 13 24 48 10 50 28 30 71 5 2 49 53 70 66 76 75 56 44 58 41 76 75 66 82 48 12 87 68 9 52 40 60 93 4 21 
43 61 79 67 31 35 75 58 63 36 45 6 93 69 46 93 86 49 34 93 33 22 97 27 84 67 22 89 24 47 51 22 82 77 52 40 5 78 42 91 85 5 94 87 63 0 72 30 8 61 6 22 89 75 63 71 60 27 54 59 27 96 77 1 56 83 62 67 5 76 48 88 81 70 7 20 64 86 81 71 67 86 27 0 71 
20 51 63 40 25 13 25 7 96 86 15 67 51 75 30 60 10 35 96 81 13 21 61 97 5 23 31 5 89 91 38 23 1 4 57 43 81 10 28 28 39 81 32 88 33 5 68 29 87 42 71 91 92 22 29 83 60 52 29 29 17 30 9 9 94 57 12 59 4 4 62 72 50 63 26 66 69 6 82 86 56 8 80 85 59 
43 1 69 96 17 0 20 0 27 38 17 16 48 0 50 79 3 85 45 87 26 86 17 82 85 31 29 98 62 0 12 44 64 11 18 89 58 80 34 52 10 16 56 13 5 2 48 83 59 14 74 45 64 8 31 80 96 32 77 28 37 12 90 62 12 57 19 51 21 22 92 74 54 90 56 68 59 6 61 72 73 23 8 52 68 
93 67 55 37 63 75 93 58 15 13 16 58 94 81 27 43 85 95 51 83 70 73 96 36 14 65 91 89 48 15 71 24 56 60 83 54 63 84 80 49 11 42 89 25 36 39 95 60 38 11 51 67 20 77 51 54 33 9 68 4 81 90 1 16 23 14 25 39 27 90 5 32 13 13 52 77 57 43 72 4 58 78 27 20 67 
69 16 36 80 16 11 55 78 48 68 24 25 5 25 33 10 3 22 24 45 34 56 31 89 70 6 4 33 12 16 8 96 65 12 95 84 76 18 33 50 25 43 28 3 82 14 21 28 48 15 38 37 82 41 46 26 17 78 84 59 95 38 38 54 5 90 48 82 57 69 69 71 77 25 0 11 66 5 38 56 79 9 85 32 10 
31 31 19 4 9 72 44 84 4 67 43 52 43 1 19 93 29 45 71 89 48 13 9 48 95 64 29 70 57 75 80 40 29 40 80 70 46 83 2 8 97 3 27 90 91 60 50 95 46 91 42 59 79 35 65 94 69 27 37 15 50 13 42 65 29 73 79 79 79 38 59 65 98 92 30 26 92 31 41 44 54 81 33 12 25 
30 61 39 93 98 35 29 14 98 86 55 7 79 46 19 28 45 49 30 65 33 33 85 37 13 65 89 70 35 55 93 21 60 86 89 19 2 36 52 4 32 92 45 19 55 72 91 46 21 16 44 40 71 79 20 53 4 7 57 97 24 76 71 40 85 40 27 81 5 10 46 15 9 50 47 14 41 4 29 23 66 13 25 51 97 
69 0 0 96 58 44 23 61 27 36 87 61 26 4 1 21 87 92 76 21 53 42 18 27 51 79 83 90 1 58 12 49 63 19 71 82 22 18 16 11 93 97 6 39 66 41 82 12 58 95 48 58 12 84 45 49 79 16 83 92 54 6 17 14 81 93 97 49 11 18 32 80 23 89 69 70 83 36 14 86 74 82 26 7 41 
1 91 88 19 34 19 70 51 95 49 21 3 59 41 80 44 56 12 28 24 68 87 1 16 56 68 1 43 98 41 49 68 88 41 75 52 48 13 18 85 35 73 48 67 76 2 60 54 17 77 56 59 10 4 71 9 38 6 56 32 17 59 66 26 16 57 86 27 96 28 29 56 95 38 24 70 26 9 65 78 54 39 14 56 12 
97 26 15 95 65 1 71 29 80 34 61 27 93 46 49 40 59 91 71 26 80 20 71 10 31 70 68 96 88 98 1 96 81 97 0 10 73 33 45 47 36 27 26 33 82 24 81 60 37 89 51 45 15 55 87 52 69 49 80 43 4 53 33 8 2 24 36 37 42 94 3 8 95 14 84 19 45 34 48 58 27 7 21 42 48 
96 93 2 57 69 84 66 46 68 61 9 39 33 8 3 67 75 47 68 61 65 10 43 84 45 33 63 25 22 22 81 66 57 26 25 66 97 57 7 60 82 44 84 13 54 6 5 27 12 46 8 71 43 83 35 88 64 77 20 65 12 1 95 39 95 77 13 0 95 85 80 78 78 8 45 68 11 33 15 84 86 23 29 94 9 
94 94 30 51 85 98 15 46 10 94 25 20 6 77 96 25 63 74 14 89 31 20 93 25 98 75 89 30 62 52 38 22 48 94 64 10 16 90 75 0 18 51 63 85 23 53 29 41 0 47 64 89 55 62 7 13 25 0 73 22 6 25 43 35 51 79 35 92 90 7 84 35 0 21 79 88 2 95 5 97 7 30 16 9 81 
44 59 92 39 75 55 83 57 13 81 3 25 66 65 96 89 85 11 18 38 22 81 82 73 82 65 44 10 24 35 15 69 63 41 75 81 57 33 85 80 6 64 70 97 42 67 66 53 80 60 8 29 49 63 56 31 15 86 28 43 4 74 28 38 36 74 68 2 78 94 49 93 13 32 87 8 68 33 94 77 71 72 62 73 68 
4 54 27 12 78 92 47 16 69 14 66 2 14 79 56 37 11 36 80 67 65 93 2 77 43 23 24 59 19 36 85 18 65 64 71 19 84 80 76 78 41 84 90 24 51 10 12 10 34 58 78 24 72 28 37 73 60 32 9 65 9 79 85 7 92 22 32 0 87 29 91 80 95 98 10 82 12 58 45 40 6 76 89 57 4 
30 81 30 31 59 8 35 85 40 7 16 18 6 39 43 97 71 65 86 23 64 79 84 54 24 44 47 45 92 72 68 36 29 10 96 88 80 58 33 25 64 87 97 56 48 81 56 63 41 75 27 95 32 17 56 73 98 2 18 64 61 43 75 86 56 6 92 47 26 57 48 37 91 78 79 9 25 8 72 67 65 14 8 72 3 
95 49 96 70 22 14 52 81 82 20 6 40 67 11 10 66 57 89 69 62 40 56 58 56 26 42 28 69 78 9 96 24 51 30 88 29 22 69 85 97 26 65 74 3 95 12 59 22 73 90 1 11 40 96 73 13 0 43 92 76 79 75 95 87 79 94 45 57 23 87 26 4 70 98 13 64 4 34 66 61 81 4 45 69 56 
43 7 10 59 68 48 5 34 34 79 36 30 56 95 36 58 47 19 39 71 28 72 43 16 81 82 95 12 5 51 68 77 7 96 12 86 37 15 69 67 72 45 55 20 51 10 43 70 93 92 91 43 79 41 53 63 34 48 90 58 89 3 34 98 73 64 29 29 91 46 84 20 58 73 80 19 39 84 53 10 49 62 92 62 8 
39 7 87 44 85 48 73 79 17 87 28 97 16 16 89 92 31 58 35 29 28 92 58 96 56 36 38 7 24 25 62 84 23 11 39 33 1 27 67 14 44 49 79 9 41 78 31 25 91 98 68 90 57 19 31 30 93 62 27 28 62 13 35 4 81 68 78 94 84 26 12 57 72 36 79 8 16 67 79 93 85 8 86 27 95 
34 86 60 98 94 53 51 44 32 34 84 39 86 74 98 14 94 37 93 21 62 61 64 97 79 15 27 5 87 62 87 61 61 34 35 10 96 8 84 19 5 72 64 57 58 6 79 47 29 30 29 45 37 69 24 31 59 79 73 75 34 78 97 55 68 43 21 1 27 88 6 25 95 20 4 26 83 62 49 30 69 43 93 34 67 
56 1 45 98 74 8 56 42 30 54 64 71 42 7 75 42 3 67 80 23 9 85 73 52 40 90 89 6 81 36 11 59 84 84 49 35 60 20 42 0 19 25 59 32 19 6 75 92 69 93 89 47 28 14 62 54 47 56 41 73 15 31 35 13 27 33 43 53 57 27 64 0 55 49 96 59 21 50 76 29 13 79 44 74 29 
15 89 76 1 73 79 56 68 70 96 26 62 78 6 85 44 65 84 22 60 40 15 11 55 95 87 98 70 90 14 62 19 37 84 2 23 39 88 82 30 70 24 93 84 24 4 12 60 94 1 50 67 78 38 86 86 19 53 43 87 69 57 13 65 50 12 9 53 22 34 29 44 72 78 7 90 43 86 56 3 95 45 63 12 23 
73 40 41 17 50 4 17 24 18 75 98 47 71 76 33 65 65 18 17 31 54 54 92 84 86 90 30 72 85 34 47 0 16 66 4 15 93 17 25 39 21 45 5 40 97 76 18 81 19 23 12 32 82 23 6 67 26 37 58 47 22 37 29 7 41 8 19 51 29 16 84 67 76 64 30 64 57 81 69 55 13 57 53 77 27 
92 61 81 4 60 62 67 87 41 26 18 11 58 87 92 38 34 77 38 80 25 80 79 55 57 63 44 52 86 24 92 85 45 95 89 10 72 80 3 56 12 16 74 72 51 76 26 36 94 95 48 13 61 20 63 27 69 78 77 24 22 66 25 91 54 55 25 16 35 5 41 29 11 85 91 54 73 5 56 74 27 42 67 36 57 
75 17 42 77 8 56 1 21 82 45 14 93 97 95 76 55 92 98 45 0 31 56 72 56 55 18 36 48 27 40 1 45 29 65 9 41 51 53 39 86 34 42 51 34 87 78 31 84 55 5 78 33 57 26 23 75 69 60 41 79 71 78 36 1 25 51 65 14 20 12 81 72 42 30 42 40 98 25 9 27 66 18 35 65 79 
34 92 58 47 58 41 35 4 68 61 47 65 43 88 50 32 49 51 76 85 42 57 77 18 56 14 27 58 16 56 47 21 80 48 74 48 7 27 25 63 70 77 56 13 28 83 94 18 54 60 41 5 38 98 6 37 66 43 81 23 98 18 25 16 40 41 44 91 24 18 61 0 12 70 47 88 18 97 96 15 87 3 62 97 93 
10 82 59 21 73 30 11 86 32 42 8 60 9 32 56 50 71 48 68 94 9 82 73 46 4 96 70 79 56 78 23 11 61 61 98 57 65 61 34 23 43 41 48 57 70 52 78 46 79 88 39 92 49 74 7 65 19 35 43 36 84 71 98 13 61 93 75 85 68 10 60 75 28 58 0 22 33 61 57 94 64 81 85 52 29 
82 90 52 84 47 97 31 35 78 2 40 52 27 22 84 13 59 21 28 2 29 32 16 86 66 48 2 87 24 96 88 72 11 81 6 83 66 10 13 40 78 67 64 13 8 76 12 13 36 3 91 12 85 28 73 3 21 68 93 42 8 65 92 85 12 98 44 32 22 65 2 15 94 91 68 51 75 92 89 68 18 55 97 41 55 
73 98 41 25 92 19 58 25 98 24 61 84 20 11 77 42 58 89 60 4 30 64 16 69 27 15 66 26 85 96 5 62 71 70 45 25 55 49 96 61 9 17 77 76 81 68 4 50 93 39 61 24 96 83 83 26 49 57 71 30 60 66 55 32 28 36 42 14 50 77 55 1 19 75 92 78 81 4 31 66 84 84 87 24 65 
80 71 75 38 57 38 47 6 1 77 80 63 20 42 34 32 17 65 24 63 75 52 32 74 23 9 8 51 34 91 16 69 29 26 49 79 27 5 39 7 20 90 25 3 12 41 70 14 6 91 10 83 67 85 22 76 58 27 89 28 67 12 62 2 27 31 70 71 51 90 17 9 63 49 78 84 79 22 58 65 2 36 31 30 69 
9 82 61 57 4 22 56 33 72 69 13 95 4 66 20 86 4 36 16 92 41 49 52 57 46 80 21 82 31 61 65 75 17 94 63 94 97 14 86 56 78 92 17 73 95 52 40 61 35 4 91 92 89 45 64 54 62 62 70 53 48 65 58 49 93 84 75 65 96 70 77 30 22 33 81 25 94 49 58 74 57 66 59 70 52 
68 83 53 7 79 64 37 88 11 90 27 7 27 50 87 27 92 1 23 77 39 37 33 18 66 8 98 30 25 2 52 20 20 85 4 96 54 12 79 90 60 49 16 7 42 2 97 45 80 33 69 7 7 75 7 24 17 31 77 97 22 60 87 18 97 54 32 32 55 82 48 27 71 33 95 31 98 98 57 46 28 64 83 52 76 
43 73 98 8 83 28 88 47 35 49 9 94 79 33 1 97 6 31 4 0 50 18 96 12 73 50 56 28 91 46 44 38 50 83 67 42 27 36 14 44 88 29 86 2 66 75 73 45 68 43 61 96 18 8 11 42 16 78 38 70 23 10 93 28 61 10 88 22 32 62 70 91 39 44 78 7 26 98 6 5 18 15 74 15 63 
58 61 97 75 69 88 41 73 3 0 28 6 46 54 46 81 36 38 26 65 30 50 95 79 17 38 34 60 1 54 97 22 39 21 36 62 71 36 23 68 20 43 68 69 10 89 7 66 63 84 23 10 47 97 47 56 10 91 35 62 80 43 91 37 87 47 56 42 55 49 96 44 34 91 25 98 37 57 97 84 17 59 11 65 75 
55 42 98 35 76 58 49 52 20 33 66 15 83 10 45 11 23 39 45 84 94 21 95 88 53 6 45 44 94 60 92 19 86 56 52 21 86 1 7 35 97 61 72 4 55 91 57 52 93 23 24 85 86 27 28 44 6 19 69 65 11 91 9 1 95 58 78 64 97 6 76 72 23 10 28 11 73 45 25 18 30 18 45 22 87 
59 19 12 79 18 84 70 11 70 86 68 16 21 45 39 71 64 64 30 77 10 18 61 33 59 55 61 34 94 81 50 2 83 50 13 73 80 28 21 80 12 65 89 18 9 27 85 53 13 31 93 76 87 32 52 12 72 12 63 41 16 14 1 16 9 66 96 21 85 45 52 91 73 39 55 5 83 14 21 74 35 1 70 70 68 
73 56 76 65 21 28 25 41 34 73 3 94 66 32 89 4 93 71 2 62 59 78 17 7 0 31 49 64 55 92 44 73 52 15 73 71 64 73 89 30 43 42 21 42 14 9 80 7 39 55 51 34 43 90 24 32 91 74 75 77 33 11 16 21 88 43 36 64 86 48 73 38 52 50 10 8 29 42 29 60 57 54 62 87 61 
50 37 17 3 82 39 98 37 98 40 27 14 26 81 71 90 18 54 16 78 15 94 85 93 65 6 27 30 90 47 71 47 34 94 8 58 56 6 1 26 53 4 3 65 20 10 62 38 72 40 14 52 23 86 23 43 36 18 69 52 57 97 79 93 41 73 54 91 71 27 2 18 89 28 55 91 58 7 54 50 21 71 76 12 37 
78 11 79 32 2 42 29 22 91 53 49 95 84 98 45 73 42 67 93 51 71 93 51 39 44 13 10 96 29 45 6 87 51 88 59 53 32 2 69 20 91 80 26 37 73 83 73 79 68 11 89 96 23 19 10 39 76 50 53 52 23 61 88 79 66 42 2 24 17 98 97 62 45 97 94 34 16 45 34 80 15 89 3 10 8 
30 46 0 40 23 83 67 1 59 27 87 71 4 81 87 0 79 45 30 82 85 82 72 29 19 2 40 68 11 91 95 87 24 45 42 61 38 59 38 42 73 0 60 98 54 37 10 54 89 50 75 19 72 79 61 58 37 56 88 5 27 69 81 54 93 1 54 45 47 96 83 61 32 88 17 63 18 63 78 94 72 65 25 55 34 
34 32 86 27 85 33 79 39 13 16 36 30 20 95 84 50 74 47 9 65 90 49 67 70 15 4 65 66 48 74 73 94 52 36 30 13 90 50 38 93 58 71 95 19 16 1 56 91 31 92 68 93 7 21 94 30 7 17 46 4 68 92 45 22 1 49 41 20 80 90 8 82 95 38 32 45 11 74 20 64 61 6 57 38 54 
67 15 65 13 71 51 19 4 21 20 32 8 68 5 64 70 74 98 48 83 32 74 89 39 92 22 9 22 91 30 18 52 93 81 89 65 45 29 41 41 71 37 89 56 11 39 63 89 95 8 77 31 87 89 27 42 3 91 13 27 81 72 46 33 80 33 63 57 32 63 97 78 29 18 4 93 19 98 30 75 18 14 4 12 67 
77 37 71 28 42 8 53 28 4 34 40 79 91 94 41 53 69 8 21 49 68 31 23 52 73 71 73 79 82 10 56 46 72 86 87 58 71 75 32 2 82 88 23 12 63 38 27 48 2 95 84 61 79 76 8 95 84 98 38 86 62 23 58 31 44 46 61 57 62 42 58 98 97 17 42 71 41 94 87 82 45 74 94 65 25 
89 69 56 90 10 35 23 87 17 65 42 95 79 74 64 83 82 84 36 73 20 66 28 0 13 51 38 19 60 85 33 64 67 93 61 82 10 38 39 75 15 88 27 63 50 12 84 83 16 23 53 67 96 75 16 97 88 7 25 80 61 2 7 41 56 21 60 85 93 30 59 28 84 97 52 21 16 73 97 0 13 44 9 76 43 
57 48 82 63 6 69 18 86 94 4 82 45 51 25 60 54 6 80 31 42 19 10 73 32 69 57 52 86 80 85 23 49 9 7 79 27 53 22 54 39 28 12 3 74 46 48 3 85 66 70 56 49 42 8 63 52 14 84 45 98 21 89 73 7 38 43 4 12 20 55 46 21 71 89 96 29 25 46 41 72 25 67 59 17 13 
80 64 27 35 76 67 58 15 46 22 2 60 87 51 5 30 64 89 29 10 68 46 38 68 54 37 2 0 86 78 98 40 84 86 0 68 98 92 19 72 3 98 16 4 33 5 34 70 63 9 59 31 51 17 83 14 33 92 52 25 9 40 0 88 95 75 15 58 93 76 85 61 31 70 30 0 52 31 75 87 91 65 3 35 14 
58 88 58 64 37 6 36 90 50 68 82 14 6 15 61 68 63 5 9 21 35 21 95 85 79 52 86 10 55 47 33 3 4 28 61 49 36 35 86 60 2 3 8 57 92 33 40 8 78 74 3 88 26 63 44 46 85 35 32 98 7 78 42 38 72 20 39 13 92 13 31 15 73 45 10 72 82 6 68 66 34 36 88 67 13 
26 10 20 68 41 46 60 86 80 91 9 67 31 66 2 41 9 40 28 25 86 88 21 57 62 29 70 22 80 73 15 97 77 64 62 33 34 14 24 91 31 18 78 75 74 81 84 53 87 90 41 4 65 11 90 32 31 14 20 24 44 22 12 17 81 88 5 64 25 76 33 55 6 68 80 69 10 76 53 29 14 69 69 39 64 
96 88 58 36 25 83 4 10 59 59 42 0 75 47 37 72 36 58 45 79 98 22 5 43 6 16 10 46 71 0 45 16 28 46 18 1 72 4 11 7 67 79 78 89 25 62 10 78 56 91 62 19 75 81 20 30 85 11 68 40 3 90 23 96 46 14 33 40 77 95 74 15 91 18 67 8 48 94 19 96 54 45 44 92 73 
9 42 71 86 91 12 50 78 74 54 32 51 67 55 71 69 44 14 57 33 41 81 4 64 60 94 24 11 54 59 65 76 24 80 14 42 35 80 26 23 50 7 94 3 2 71 5 87 8 30 4 56 37 31 29 3 47 44 7 68 74 14 94 77 25 28 51 44 44 52 16 69 95 33 2 20 35 5 51 80 16 9 73 80 20 
57 26 0 17 61 37 22 85 46 40 81 73 61 25 43 38 35 63 61 54 69 21 81 5 13 16 5 71 19 31 87 18 39 39 4 2 28 52 32 87 32 55 0 9 44 24 49 60 75 9 49 46 36 61 25 74 83 0 28 46 18 86 17 87 88 7 72 4 5 41 15 2 77 90 54 41 23 83 33 77 52 89 95 58 40 
85 48 28 44 5 28 86 41 1 69 5 52 67 73 0 39 33 49 74 25 94 76 49 28 84 24 75 77 42 74 57 69 97 8 67 53 26 88 9 14 77 4 67 10 50 79 38 63 9 69 70 50 13 7 89 77 56 11 64 2 95 61 71 98 50 19 23 6 56 8 4 42 69 37 95 75 88 76 38 93 95 71 78 67 84 
95 84 66 74 42 74 4 80 50 10 87 45 58 43 30 86 87 30 21 75 47 32 1 8 61 90 31 66 11 8 20 51 3 33 83 60 23 59 4 21 37 49 76 28 58 95 86 3 44 23 24 41 72 39 67 32 36 59 60 42 3 90 87 45 93 3 93 86 22 91 50 40 33 38 93 92 16 76 74 91 98 86 12 61 8 
4 95 80 13 80 50 87 20 78 85 2 51 35 52 66 65 69 28 56 55 98 50 79 82 98 25 30 85 95 31 73 11 32 36 73 17 59 53 18 95 50 61 49 59 41 95 63 38 12 59 83 29 22 42 76 72 0 4 97 47 2 11 65 95 53 76 22 78 75 10 94 23 1 98 12 17 7 45 88 84 57 96 38 93 75 
50 16 56 35 11 68 33 23 63 69 38 21 39 40 40 80 42 25 54 50 15 15 30 88 8 98 10 70 28 27 95 94 38 81 67 89 79 14 7 52 89 66 69 6 77 33 51 97 55 63 0 39 61 76 13 14 73 96 78 33 77 59 87 87 57 0 95 61 81 3 36 54 70 84 84 5 82 9 72 19 42 11 29 30 24 
15 90 82 17 35 11 52 1 35 36 36 37 46 91 75 18 98 2 64 72 97 36 32 79 67 73 14 77 18 74 10 25 42 98 66 97 9 91 55 91 57 16 92 98 42 65 77 27 66 94 90 47 26 38 29 26 9 33 19 22 75 25 83 16 69 80 11 58 64 61 92 74 22 9 79 43 56 85 35 80 61 11 12 32 37 
58 55 16 27 39 45 19 30 29 80 89 4 88 30 27 91 22 35 10 23 9 95 56 4 81 39 85 42 58 82 45 46 31 92 76 16 89 73 96 68 94 50 67 49 86 13 18 30 34 75 90 52 20 8 9 46 40 0 81 60 54 23 92 16 43 47 68 63 92 59 69 26 89 65 8 8 45 17 25 62 17 31 49 95 50 
54 57 95 9 50 46 64 27 30 61 52 47 44 90 56 63 28 35 86 40 21 4 76 46 74 30 24 51 37 48 41 23 50 40 7 93 46 85 2 10 72 26 13 51 31 71 78 27 76 73 78 33 32 81 50 78 90 98 90 73 54 84 65 68 76 82 80 62 64 47 17 50 85 43 0 23 78 77 8 21 75 53 80 15 37 
2 21 45 37 81 90 81 62 89 51 26 90 91 70 39 3 8 46 2 83 55 61 90 79 7 24 86 66 22 14 89 96 60 76 54 62 12 93 36 64 33 72 46 18 61 71 9 84 78 31 28 47 90 93 40 45 93 98 80 63 17 48 22 91 87 4 24 85 9 21 50 84 13 0 85 59 68 27 16 50 9 2 4 34 56 
38 20 13 5 3 63 48 57 3 35 26 47 83 81 97 75 39 3 70 64 4 13 85 73 27 63 65 78 91 11 68 50 86 34 41 46 5 11 81 46 40 14 24 38 95 66 60 96 59 27 90 59 50 6 39 23 10 15 14 5 27 41 49 50 75 50 7 52 67 4 91 70 72 98 34 93 15 25 8 47 43 20 35 1 2 
51 36 47 60 90 9 36 32 96 46 21 87 89 13 94 53 32 77 4 54 93 26 78 17 12 48 81 97 33 14 26 18 45 62 61 9 75 76 59 28 88 4 10 54 38 81 78 20 97 14 5 93 58 89 98 69 94 58 40 75 83 64 11 54 91 77 64 33 8 71 90 35 37 35 50 52 39 59 45 22 11 45 11 40 14 
38 87 40 47 86 48 78 42 41 58 65 8 10 38 57 87 64 85 66 71 25 59 4 94 10 68 12 90 87 51 92 42 8 16 91 55 58 15 53 42 21 14 3 15 63 52 55 77 53 30 34 32 32 38 81 67 25 55 38 66 28 33 96 79 53 88 84 11 65 33 95 75 6 52 11 49 13 57 44 94 56 48 48 64 87 
71 4 78 15 52 45 76 29 51 43 27 53 45 77 17 73 81 45 91 15 82 35 52 4 91 89 17 12 94 14 29 90 31 34 10 12 34 78 67 22 85 71 41 11 60 22 87 22 22 90 3 93 50 17 77 55 73 5 84 81 59 33 92 17 70 84 0 69 14 73 97 10 0 69 41 45 40 72 44 18 1 67 77 6 35 
92 85 56 10 48 92 49 70 6 31 9 28 14 48 63 38 69 33 68 38 66 3 3 28 74 17 44 50 57 47 39 49 96 48 67 90 26 98 19 86 29 30 87 29 27 16 94 86 97 48 47 36 44 62 47 1 72 47 52 84 88 97 3 42 63 45 24 88 91 18 18 0 94 85 39 78 77 20 79 74 88 30 65 6 29 
17 69 68 10 85 70 4 37 80 27 94 18 66 31 64 44 26 95 39 94 2 26 70 61 38 63 52 70 71 13 52 91 20 77 77 24 88 92 91 26 0 65 24 86 12 67 58 31 59 23 68 15 92 81 78 28 6 8 2 64 78 54 56 57 86 4 8 52 29 87 18 24 24 93 79 93 88 78 97 46 9 92 84 38 81 
10 66 68 23 97 43 92 62 25 90 88 90 2 73 24 82 97 35 48 77 6 50 55 16 90 95 28 32 18 18 46 3 87 77 23 43 43 27 72 46 31 8 1 64 46 22 70 37 35 79 60 49 21 52 87 21 92 46 67 37 37 34 18 96 61 42 78 82 71 42 18 62 52 44 55 2 35 38 16 89 84 74 72 80 81 
41 4 41 51 31 96 1 8 35 26 16 56 74 66 15 35 9 41 53 39 25 60 54 87 38 84 46 1 24 39 77 47 6 16 19 4 14 95 51 9 54 43 21 59 70 69 73 7 81 48 67 15 54 67 32 44 74 96 24 14 19 66 4 5 67 27 15 57 45 94 81 43 60 36 81 37 15 14 53 80 53 46 65 72 26 
81 9 69 33 69 45 23 36 4 82 57 84 43 90 93 56 67 41 35 56 70 77 26 75 74 7 75 46 35 19 81 13 50 11 46 33 13 44 1 32 48 93 34 49 62 21 64 67 36 40 31 81 9 98 34 1 70 45 27 19 16 4 77 76 67 29 82 31 41 67 89 52 46 82 83 84 83 90 94 77 68 47 96 7 10 
43 40 27 72 40 98 65 81 11 71 62 75 14 6 16 60 66 6 23 85 49 79 54 98 90 79 75 81 91 22 38 29 18 95 77 92 24 72 14 26 35 47 96 64 72 68 11 74 4 38 57 8 52 13 52 1 24 88 30 35 60 20 17 19 42 25 52 93 85 52 24 39 87 55 92 68 70 41 72 83 51 44 52 95 15 
1 7 77 3 61 0 42 2 22 18 29 40 23 44 83 72 63 93 7 80 25 50 71 37 19 97 87 90 57 89 83 14 79 81 11 48 8 21 55 22 85 52 7 48 56 22 19 97 56 54 11 41 51 48 4 57 18 8 79 11 78 32 48 87 9 73 86 89 14 19 80 85 85 61 93 13 66 48 0 28 98 69 1 1 1 
56 40 77 74 66 53 14 83 32 15 35 68 17 79 69 33 4 64 20 20 25 31 88 61 62 78 89 83 37 47 17 29 22 4 3 50 70 95 9 22 22 58 15 63 76 65 33 94 65 7 9 14 56 54 37 26 89 47 70 25 94 30 30 35 80 65 97 26 46 91 13 8 22 95 41 16 54 19 42 96 82 50 96 1 1 
0 34 15 42 51 18 56 8 50 9 8 52 44 85 7 61 24 55 36 33 94 92 73 85 7 63 12 16 83 86 61 41 96 62 52 16 79 37 38 79 76 23 6 40 1 49 16 13 72 73 67 44 68 3 5 39 94 73 81 12 47 42 67 93 72 14 41 87 69 94 48 47 73 57 58 33 47 33 2 34 14 15 36 25 1
