95 67
41 485 340 526 188 739 489 387 988 488 710 173 304 843 970 491 997 953 831 441 423 618 905 153 292 394 438 734 737 914 452 747 785 549 870 931 692 325 52 903 731 834 353 363 690 668 156 718 281 874 572 671 694 789 57 871 731 750 556 778 328 38 212 843 288 136 49 950 283 670 473 828 905 735 394 365 21 132 417 551 648 635 108 973 774 851 970 383 944 334 960 471 650 334 542 
559 134 84 951 557 837 146 643 687 726 939 990 308 704 408 26 773 950 91 276 834 803 588 102 528 10 303 170 654 377 791 678 589 35 64 377 151 957 745 979 433 138 221 25 348 472 299 780 393 959 917 241 767 245 606 428 970 533 43 429 197 900 623 780 656 427 365 651 557 569 489 622 45 605 374 301 866 383 31 600 45 375 222 687 508 289 738 53 1 444 965 906 791 145 467 
731 907 672 505 824 423 324 623 835 523 323 623 953 468 620 254 535 587 820 333 230 19 849 641 4 734 198 505 96 357 553 588 343 512 455 225 471 624 600 815 812 296 608 818 37 184 492 645 556 304 44 203 208 686 965 197 834 910 175 522 218 636 296 75 348 668 388 890 893 461 898 162 867 417 902 30 332 669 31 704 560 504 919 413 80 722 602 512 24 895 878 702 414 798 270 
439 7 595 206 295 115 457 645 780 841 962 173 156 746 206 995 360 370 720 446 565 437 565 448 521 175 78 739 756 155 435 295 22 703 541 571 454 885 961 193 218 300 436 314 121 512 298 467 759 132 712 347 691 791 275 317 379 216 73 912 818 833 965 317 783 349 577 669 10 481 148 219 242 136 163 540 470 184 476 56 680 318 465 270 44 180 539 749 669 199 321 478 50 170 32 
805 914 975 398 212 628 503 418 323 849 363 899 396 179 844 98 494 325 525 185 790 302 764 670 209 998 105 488 242 634 806 103 557 627 544 925 34 2 74 195 34 459 522 620 747 44 500 142 239 317 77 907 206 368 435 5 284 199 235 863 730 785 914 671 292 562 140 707 697 645 47 127 602 715 680 328 388 488 682 615 874 509 19 492 140 175 802 105 91 927 19 761 202 335 585 
257 55 780 171 114 889 103 594 490 606 488 627 652 634 959 448 548 908 976 123 620 740 274 205 557 265 268 208 124 35 346 40 801 417 572 174 541 819 938 218 784 944 871 680 842 930 730 976 595 373 20 488 201 84 445 305 772 376 326 483 113 134 901 820 872 474 450 6 411 424 546 142 732 847 388 78 379 841 499 576 239 627 366 534 370 366 294 892 390 908 35 646 122 729 714 
596 65 447 153 253 569 565 940 318 884 65 978 587 763 660 988 478 383 554 965 609 485 911 646 77 870 679 950 225 164 777 517 763 195 480 842 224 887 627 965 220 814 873 415 301 723 205 746 638 560 561 994 186 730 968 558 896 300 427 657 874 879 155 473 638 907 444 710 753 461 324 685 50 322 875 92 830 610 18 946 140 725 182 854 60 514 713 109 516 591 16 160 372 333 669 
766 66 269 335 767 203 612 289 193 531 832 798 628 321 3 566 585 586 658 473 570 155 271 840 203 621 83 235 691 221 16 849 606 415 774 672 454 55 88 85 804 513 994 293 870 636 503 242 685 711 365 19 193 516 258 176 567 626 933 598 710 849 241 750 230 979 540 303 433 119 258 597 661 973 881 935 86 566 740 563 696 770 277 527 998 317 959 867 558 268 533 346 897 610 351 
153 496 179 112 598 792 930 120 437 530 611 995 29 570 28 564 372 90 945 649 431 489 54 685 589 353 608 92 242 759 983 908 160 690 956 855 451 645 748 94 540 803 53 258 200 45 862 654 235 763 942 362 289 790 948 969 341 758 436 46 375 32 571 505 602 524 981 365 83 930 158 227 969 97 446 620 199 453 436 711 646 841 394 123 581 52 750 170 844 0 264 658 959 868 502 
356 36 132 248 858 639 13 669 190 709 651 667 655 903 363 437 465 22 269 255 459 319 650 329 270 148 135 329 217 136 52 229 101 339 874 74 179 392 279 914 679 672 935 916 564 517 972 283 666 704 222 407 929 834 388 881 279 27 641 994 33 966 790 530 404 717 338 704 594 734 943 56 416 492 240 520 970 962 499 516 294 961 897 58 714 984 290 132 231 579 822 348 42 242 317 
110 955 101 730 508 798 388 844 976 547 133 680 127 923 96 788 1 150 985 717 139 18 953 805 724 384 28 209 802 207 76 886 995 72 344 889 179 309 200 845 685 644 678 600 312 697 690 110 126 261 693 529 705 871 450 413 834 822 523 753 694 116 708 983 341 691 27 673 735 70 338 435 919 902 141 964 777 793 451 558 810 280 327 607 938 331 504 13 157 656 138 835 88 579 302 
314 26 181 55 370 722 248 498 725 136 144 455 965 746 733 2 53 294 486 256 449 945 876 676 530 514 217 469 659 170 34 147 410 50 928 657 487 608 837 102 857 321 614 285 819 370 468 895 540 343 579 770 576 358 415 449 916 853 864 842 254 453 941 658 229 544 950 589 162 187 656 695 792 383 785 414 169 722 972 209 588 646 690 90 539 532 475 630 548 247 582 905 473 576 990 
175 554 561 486 330 954 378 347 947 920 756 352 355 279 405 643 744 192 622 968 154 507 350 14 353 625 692 979 633 598 300 92 161 391 680 202 885 849 424 579 255 654 203 837 943 643 942 309 427 570 808 592 232 481 616 611 75 175 909 90 522 330 714 582 604 174 203 985 385 57 294 445 538 432 804 787 940 575 186 416 510 769 874 365 916 283 464 474 978 847 148 572 598 798 630 
225 621 957 359 754 483 13 683 462 441 917 771 972 432 419 909 240 770 460 209 515 323 958 950 832 174 718 378 709 808 560 586 5 450 26 301 248 360 378 611 974 735 0 40 790 229 142 214 879 509 933 328 492 696 984 654 541 692 690 99 13 228 790 844 734 455 886 707 629 721 38 419 550 517 192 268 261 469 334 523 858 153 113 673 177 203 455 884 681 492 287 730 812 652 497 
992 852 925 470 182 890 795 702 378 382 606 831 239 31 211 611 189 329 54 341 210 69 933 496 671 560 656 260 220 869 808 307 744 618 476 135 452 846 738 506 881 889 948 882 266 772 642 616 486 663 89 788 827 298 508 454 371 107 593 387 840 368 343 74 936 521 445 863 772 736 829 610 848 913 14 335 381 380 275 815 614 261 658 449 544 215 267 500 266 676 37 867 189 116 831 
678 532 870 498 661 920 227 873 0 722 923 797 600 943 576 343 500 899 547 491 543 499 199 280 36 561 849 841 528 787 547 571 823 819 405 223 562 599 6 2 286 73 213 621 518 839 307 809 588 591 170 438 515 159 452 936 81 390 35 994 218 483 521 385 639 210 86 735 623 38 789 67 902 194 699 729 951 477 743 958 819 864 406 475 635 914 601 156 684 207 59 401 616 247 520 
23 678 241 900 274 526 789 117 650 112 303 925 693 188 592 83 604 762 21 752 105 997 680 700 780 919 795 580 96 621 178 254 958 521 178 60 202 978 930 754 656 996 146 462 608 543 643 945 879 806 484 934 154 723 100 824 975 883 660 78 236 559 496 257 190 971 206 402 210 113 68 92 515 270 590 99 894 154 615 978 447 170 5 502 774 155 336 878 236 299 34 459 904 383 550 
886 841 658 238 189 711 485 327 544 382 466 232 655 298 784 219 452 693 494 458 30 643 864 282 788 379 515 871 453 111 467 211 128 760 836 313 307 47 479 962 151 336 144 387 775 888 23 86 262 928 645 644 916 161 245 751 708 945 703 456 815 985 213 875 389 721 583 592 268 479 302 551 377 182 291 701 128 661 482 179 531 990 114 489 385 255 916 687 813 404 62 992 329 188 446 
667 304 223 604 964 208 198 184 399 713 51 717 544 802 139 2 980 7 638 19 642 687 177 923 953 109 146 414 214 796 500 218 432 730 289 828 442 91 318 583 332 274 395 457 209 521 364 844 102 457 159 301 278 697 904 337 342 621 689 406 775 51 432 5 542 554 68 409 362 302 678 184 106 600 997 771 513 225 510 499 476 680 763 126 99 114 538 251 967 802 876 114 659 346 615 
107 96 882 432 726 988 254 243 91 796 57 562 945 802 683 271 679 963 97 389 885 727 861 705 984 473 730 75 832 572 165 607 849 912 450 382 583 907 983 101 837 807 233 518 90 345 88 67 524 747 554 494 797 116 888 358 83 423 707 977 686 145 611 493 185 343 415 241 10 34 154 466 780 68 742 21 939 536 257 44 395 740 723 667 303 338 771 172 916 308 662 1 223 134 815 
679 689 655 761 57 61 3 49 279 103 431 829 750 256 94 236 672 882 773 500 20 68 595 508 350 279 344 546 686 14 620 734 300 962 250 498 203 612 978 982 803 11 275 155 510 223 62 90 947 798 9 804 986 983 12 124 818 591 671 137 703 458 11 548 610 232 846 858 379 571 49 293 829 737 503 611 632 251 208 715 790 383 330 385 728 568 438 468 628 495 757 37 843 180 38 
63 396 746 294 901 609 666 825 739 269 339 144 312 370 177 628 627 247 98 745 13 332 762 251 614 159 864 991 474 823 624 755 509 365 984 163 711 241 651 247 909 763 498 951 399 303 858 740 570 87 633 192 82 410 133 747 462 708 791 291 301 687 866 149 142 749 46 151 597 747 105 576 817 76 922 801 435 138 584 889 912 205 102 727 816 496 71 354 337 306 996 95 594 201 802 
521 242 907 56 80 691 928 32 200 497 696 145 500 12 104 662 544 648 23 841 737 861 852 593 423 986 902 24 969 858 257 356 704 715 522 166 697 354 906 661 431 411 838 721 175 943 155 429 896 393 286 216 731 887 665 742 227 588 376 44 606 818 273 476 457 893 202 552 76 568 532 646 108 48 243 234 78 72 571 644 467 992 464 414 542 991 845 982 566 538 526 52 621 829 391 
933 457 331 278 816 412 143 776 666 592 318 971 90 588 259 358 893 500 113 754 250 732 295 630 9 368 662 281 66 354 667 479 327 715 9 12 583 426 911 141 26 373 758 216 722 211 198 46 388 964 848 476 361 384 944 978 735 81 410 93 531 471 735 130 80 159 532 583 106 168 733 246 854 62 132 89 389 571 801 488 760 753 518 874 412 508 110 379 704 81 56 536 119 564 859 
859 39 247 932 501 656 608 492 643 905 197 225 629 370 824 211 666 873 885 663 920 290 439 789 41 282 866 698 916 920 748 893 711 278 760 65 399 938 644 97 5 159 41 649 603 175 648 191 883 413 307 453 710 508 636 203 102 261 465 663 856 660 64 916 652 294 6 810 235 478 298 681 329 18 182 441 898 733 646 731 571 887 684 681 263 406 683 797 620 856 226 498 310 279 76 
429 175 611 813 274 291 27 516 4 140 710 530 463 130 205 547 846 483 633 412 763 125 947 491 644 586 511 624 180 753 548 677 558 497 576 941 387 776 757 771 448 287 94 726 403 37 771 403 578 300 810 209 945 167 120 693 239 707 692 659 505 989 263 882 658 160 961 669 905 623 474 461 623 143 444 732 172 883 438 394 990 826 404 720 895 983 338 251 702 822 689 58 501 943 841 
833 106 432 766 605 609 490 202 506 163 606 867 836 906 458 40 821 373 992 26 114 505 96 438 846 582 690 420 669 16 668 130 195 103 106 413 281 704 759 392 156 527 301 892 450 568 875 832 915 442 652 909 484 893 949 286 291 50 798 826 868 522 939 797 159 278 697 349 350 22 739 319 979 597 376 72 112 945 177 299 826 736 586 716 50 3 914 169 718 700 558 75 956 122 261 
139 839 883 849 647 397 216 664 286 675 883 104 786 482 249 923 545 637 222 300 131 154 402 87 400 189 756 505 956 159 739 457 673 678 596 730 7 727 968 890 18 466 120 684 40 152 516 7 305 946 289 821 65 667 685 687 119 886 64 899 289 624 921 80 946 841 719 632 548 971 786 700 465 98 265 840 460 232 809 240 334 286 151 907 53 182 868 661 89 920 892 929 112 429 47 
207 128 421 780 772 422 687 797 704 804 843 901 621 103 761 215 562 16 108 50 636 454 619 397 278 698 126 939 505 94 372 111 440 612 829 332 292 998 355 558 833 636 499 840 800 246 102 45 837 556 989 448 814 655 21 337 134 959 63 527 862 725 780 539 706 818 411 152 860 277 183 651 347 587 188 113 76 595 939 435 656 790 37 439 970 267 756 383 150 512 15 601 961 124 503 
982 456 791 30 442 869 81 100 480 427 708 556 380 272 678 290 549 532 771 474 535 761 124 919 453 970 420 592 532 491 430 516 514 468 403 276 430 635 56 364 476 182 674 976 525 537 250 489 772 904 785 658 477 764 686 530 290 168 570 729 118 260 411 718 633 42 345 67 368 401 477 157 496 844 787 945 656 744 288 801 119 338 336 66 31 485 240 731 861 36 478 286 977 806 658 
735 66 407 339 642 134 335 640 185 818 972 173 884 707 694 798 13 224 121 558 501 385 953 894 792 361 396 280 445 159 590 588 518 958 911 328 169 431 128 470 78 350 850 982 343 637 308 608 835 150 467 8 492 357 526 386 308 408 193 141 319 933 596 442 941 888 35 484 936 986 998 514 595 822 884 392 390 430 235 174 709 582 318 867 690 184 480 276 796 244 698 49 141 596 338 
689 406 53 178 600 762 552 688 344 815 390 9 602 625 493 650 773 396 636 736 945 277 932 623 147 500 738 306 417 869 469 850 617 836 878 868 296 186 306 66 359 146 233 481 438 569 263 450 710 382 45 711 272 354 293 882 210 990 184 538 884 990 898 894 544 483 813 557 817 273 651 522 581 319 160 85 153 270 595 860 714 482 973 158 105 949 179 514 103 560 697 838 515 313 257 
557 613 321 731 421 633 814 814 775 858 190 597 126 420 298 976 228 539 833 207 713 727 18 931 699 683 229 24 779 395 972 938 49 789 650 533 961 239 128 647 268 863 142 604 840 342 152 115 428 564 497 157 945 446 836 316 540 638 939 929 57 241 227 765 906 265 296 342 805 554 453 31 565 695 279 459 384 645 653 942 58 993 862 262 540 793 808 322 269 77 761 11 488 589 262 
585 190 455 209 308 306 123 355 63 363 75 35 69 41 80 749 820 642 856 441 383 714 925 662 364 640 335 89 882 621 4 587 666 686 604 864 405 138 315 724 874 477 353 164 963 419 222 512 930 428 7 672 807 205 627 852 283 732 973 41 789 726 273 836 707 507 177 861 833 304 926 978 18 649 898 348 299 50 272 939 882 990 924 318 645 877 503 556 144 351 777 261 998 200 610 
970 29 886 65 526 617 530 175 257 268 947 911 196 457 194 257 751 510 229 112 465 237 122 585 875 635 27 157 718 605 560 255 872 777 587 984 709 405 70 306 826 230 164 616 37 641 832 27 396 672 365 698 326 341 51 334 642 475 414 347 107 126 853 70 553 923 296 478 384 873 898 990 876 331 416 457 927 484 474 258 645 651 548 241 840 946 703 428 606 1 93 209 644 104 51 
143 546 864 23 911 653 719 318 122 724 423 946 910 649 40 951 52 997 758 852 914 470 664 646 377 48 578 367 826 77 907 248 588 912 421 304 78 739 268 754 21 11 184 722 871 110 190 422 934 873 327 476 926 202 331 966 111 769 797 667 312 273 730 265 945 634 240 601 192 994 469 162 31 700 515 37 864 538 840 371 655 220 314 942 704 949 610 279 589 300 274 149 399 424 191 
47 176 25 392 300 696 893 897 15 123 484 945 506 837 294 920 804 991 310 904 501 103 550 787 323 193 93 247 891 849 253 930 265 469 514 174 111 257 237 951 116 290 380 427 273 161 656 986 256 146 740 906 724 199 167 375 363 929 125 581 99 847 601 419 514 838 665 905 871 767 748 256 592 953 726 538 804 236 632 221 384 940 233 555 112 300 487 709 987 432 501 768 503 805 438 
149 116 323 961 135 142 541 679 861 295 558 989 680 94 684 752 427 770 30 435 709 87 933 722 353 512 157 849 323 957 555 57 838 914 784 612 33 608 122 806 640 1 973 561 281 258 153 76 436 723 687 120 51 798 254 413 692 975 785 723 983 443 960 478 32 881 513 353 195 682 77 26 893 411 693 156 394 140 515 581 504 278 15 781 289 520 240 20 341 940 826 0 716 462 304 
245 495 511 822 642 644 700 995 366 145 154 38 616 895 706 868 976 711 989 739 643 759 449 695 531 733 898 611 285 711 647 99 27 823 825 849 664 625 922 695 776 144 580 552 906 288 649 736 93 364 742 11 654 819 510 850 59 931 462 497 104 184 153 79 416 833 769 358 930 10 935 219 532 265 367 605 318 899 985 468 85 592 743 5 884 852 353 359 442 824 772 67 511 773 58 
802 533 170 612 937 873 494 251 232 233 507 515 193 67 84 660 633 38 753 727 923 930 868 150 99 43 922 292 526 686 345 768 59 421 898 950 2 854 799 304 226 604 295 353 135 693 16 738 32 555 225 551 991 716 500 399 775 348 963 210 710 530 390 412 56 250 515 506 787 157 672 855 516 97 279 132 274 862 700 213 686 169 216 998 861 888 7 925 318 970 708 242 274 473 421 
247 429 114 936 322 360 590 284 793 847 885 333 827 681 167 364 602 44 336 154 577 208 218 673 877 79 649 944 827 299 469 979 650 440 31 306 571 7 690 631 727 384 670 355 342 653 522 60 147 379 437 497 919 532 802 206 128 239 47 85 528 495 594 32 728 772 344 392 146 840 516 334 594 518 277 871 303 306 368 65 15 187 780 524 583 761 64 741 676 601 550 565 436 392 53 
565 910 138 323 987 70 800 251 240 455 468 654 830 861 387 472 880 700 993 195 142 653 244 750 36 46 996 271 846 964 549 972 596 152 272 363 311 887 52 206 20 295 672 478 207 493 265 723 237 18 944 638 81 536 158 533 673 284 78 649 818 52 147 9 165 932 334 182 205 668 380 415 370 26 998 350 799 802 334 537 884 911 213 793 697 564 305 808 865 367 323 46 390 763 993 
737 536 56 110 822 937 609 800 638 211 85 139 394 434 114 615 456 2 649 198 65 770 597 909 300 643 192 437 349 899 888 720 863 400 654 209 856 203 830 151 759 689 631 610 260 160 880 153 346 991 820 921 583 507 617 222 454 266 981 550 971 708 541 186 614 272 181 468 775 518 976 96 388 178 951 553 324 50 478 217 596 280 747 232 207 138 333 720 841 618 86 415 651 205 360 
471 943 92 16 347 599 628 219 522 660 71 658 136 885 5 10 900 124 321 68 1 916 916 976 504 761 209 578 212 850 199 710 883 129 224 264 731 872 99 54 144 634 791 886 148 570 148 501 725 169 192 351 327 819 527 106 698 235 970 657 345 159 129 679 756 574 658 955 930 262 923 299 500 894 785 98 208 727 430 104 235 497 994 290 534 946 673 5 457 10 462 247 642 86 656 
85 246 809 11 845 680 564 323 502 954 751 922 478 955 434 224 694 799 600 856 701 568 253 485 480 754 357 669 195 158 270 467 862 534 685 321 214 142 297 537 734 694 38 300 338 258 488 331 876 214 493 531 127 203 822 919 866 790 275 199 476 371 276 875 879 30 180 854 465 700 104 37 989 534 316 39 314 208 17 175 774 698 917 396 35 36 459 756 421 393 483 85 787 786 389 
816 522 363 0 101 728 965 754 913 188 112 668 87 766 521 269 4 642 695 938 253 818 92 297 202 527 412 32 986 554 133 225 252 708 592 570 574 259 372 941 685 378 91 305 414 983 540 620 892 55 676 148 529 792 815 390 287 292 723 91 987 524 565 518 569 474 200 445 217 638 382 86 696 926 360 361 816 175 30 771 341 714 537 660 278 202 82 321 866 549 429 159 996 970 860 
332 581 785 492 704 991 170 80 730 514 731 433 97 716 677 782 546 275 649 595 516 976 14 188 196 221 655 853 457 948 294 425 456 323 530 403 350 90 484 175 943 133 612 448 494 159 152 615 496 242 408 397 882 328 518 857 247 856 896 549 132 800 616 486 402 459 124 288 111 127 535 604 720 569 514 767 265 617 983 370 896 816 870 711 51 259 335 437 29 105 478 891 456 737 585 
100 406 873 305 329 39 541 603 727 979 67 109 182 43 185 684 312 747 0 237 532 234 324 605 501 425 520 734 880 827 567 576 144 33 679 738 335 115 199 493 331 365 95 990 103 987 385 291 733 772 414 435 281 176 498 797 245 641 882 722 144 967 724 88 123 769 614 813 138 839 190 535 223 45 345 481 171 185 164 363 751 224 509 316 601 541 983 703 94 209 401 426 331 723 868 
543 565 629 838 643 194 443 828 184 640 913 536 425 647 441 692 388 707 875 959 855 164 920 11 640 295 384 102 353 918 67 681 92 625 548 141 469 985 876 56 419 44 590 212 793 421 695 566 777 767 428 866 557 462 830 31 450 121 748 444 936 808 894 72 206 83 990 533 653 221 422 37 746 317 20 939 81 8 203 8 266 922 906 152 846 816 111 919 301 270 9 306 334 924 629 
375 684 741 743 450 286 231 479 162 994 372 469 512 309 543 351 464 715 192 661 167 676 971 928 582 485 665 595 994 628 220 817 550 850 230 719 555 980 174 778 644 319 743 133 550 422 991 448 604 712 614 568 684 122 897 373 944 21 653 866 640 628 869 732 180 155 603 156 335 878 831 772 925 400 791 131 93 692 542 329 125 167 58 427 305 586 988 660 161 249 607 503 799 467 474 
170 473 769 141 217 702 641 211 839 70 242 501 506 612 514 8 554 348 116 614 762 653 196 65 532 407 37 525 909 451 2 660 253 63 193 744 389 793 60 544 483 568 175 84 628 199 208 227 606 21 321 799 423 378 401 570 255 686 178 32 620 202 816 678 628 610 250 745 286 170 448 290 331 734 452 174 591 571 219 264 896 712 66 754 988 552 781 775 817 225 589 971 90 283 817 
606 867 397 288 897 843 819 644 328 337 910 657 33 412 474 918 6 359 22 366 847 955 478 437 375 336 79 113 620 301 149 40 342 268 133 981 179 526 153 615 568 579 858 92 145 39 75 202 966 853 767 553 69 350 279 394 887 453 720 116 273 557 82 439 812 52 751 129 794 919 208 48 341 62 771 587 421 136 365 90 286 364 797 890 436 323 703 405 260 733 58 292 456 694 985 
101 969 366 411 653 174 739 845 956 604 113 64 497 797 900 964 128 126 401 582 764 589 948 527 747 860 467 614 856 315 66 791 232 589 483 95 403 169 621 954 482 940 384 773 704 32 249 317 385 475 198 220 684 997 626 948 222 283 471 544 355 223 553 655 165 72 799 814 354 861 928 245 687 755 455 967 610 112 28 289 258 747 315 428 689 550 284 393 555 349 86 225 851 576 165 
359 759 644 238 601 403 554 748 55 362 483 30 535 946 646 4 774 269 581 636 956 138 764 570 308 600 103 377 258 740 201 430 107 396 755 46 913 773 176 494 745 420 780 335 792 767 273 472 92 859 40 771 775 117 982 459 370 132 14 336 673 738 943 607 130 584 883 992 437 14 82 303 104 701 928 126 877 652 849 452 383 603 13 856 880 239 970 453 678 53 776 277 121 89 676 
276 682 158 928 179 879 799 50 438 541 769 36 879 957 308 63 687 818 195 612 149 94 38 920 576 356 391 311 443 879 557 697 543 647 873 817 824 775 727 85 87 496 915 833 998 222 163 823 845 389 455 177 834 462 775 249 979 553 297 961 398 652 37 131 41 528 414 498 677 82 522 216 562 630 151 80 13 284 772 465 322 514 928 269 423 54 439 595 136 45 847 99 634 965 745 
922 925 258 188 151 809 784 33 497 901 629 217 156 774 785 615 949 236 437 886 480 747 968 339 829 248 429 445 716 167 173 825 46 279 391 728 174 418 91 231 207 666 206 776 271 63 591 98 662 829 426 725 222 569 126 311 42 40 532 215 834 935 50 543 699 905 108 94 793 24 436 816 650 747 896 20 454 780 791 950 213 872 971 962 932 572 673 517 948 362 602 410 699 809 201 
292 506 739 814 866 462 875 278 214 356 155 464 661 365 556 901 825 836 260 196 646 78 365 780 641 92 989 113 807 377 376 54 190 512 236 741 755 54 944 700 370 877 427 694 139 486 343 259 106 394 11 440 747 142 684 645 498 837 23 166 907 167 152 460 877 393 774 345 192 670 128 811 160 995 627 599 19 522 819 233 294 571 267 471 360 841 388 288 421 178 686 83 738 784 379 
297 923 44 465 304 934 837 49 347 581 312 542 617 189 9 788 410 821 78 698 286 305 914 661 355 472 129 532 17 851 577 23 68 820 789 338 925 67 307 252 264 159 58 686 808 463 499 778 406 840 249 300 698 726 524 813 717 637 332 832 737 323 313 972 500 185 976 148 541 797 853 11 747 540 87 295 860 382 979 44 662 434 245 190 155 698 259 80 872 428 55 590 249 155 188 
247 546 159 379 977 705 457 679 722 804 698 476 132 886 210 455 561 642 407 852 11 121 413 932 19 141 81 589 529 372 473 222 984 183 12 992 833 397 107 610 909 670 534 533 485 20 933 957 834 38 87 680 734 292 192 982 715 868 955 850 500 158 732 458 851 15 932 243 48 625 527 297 419 204 870 984 567 627 270 345 93 561 131 364 253 185 481 474 578 228 938 781 877 281 307 
368 239 867 43 377 76 419 827 814 422 887 654 785 915 292 857 699 89 556 516 965 186 343 650 694 944 14 43 946 962 241 498 445 662 193 181 866 698 234 640 665 815 431 162 914 194 826 661 329 500 185 549 569 876 734 596 956 472 249 202 540 180 760 934 209 164 272 317 410 224 751 724 375 822 568 589 176 388 269 768 764 133 837 61 84 993 753 137 201 345 977 79 776 80 191 
167 6 707 603 942 731 282 876 760 94 989 258 61 0 212 681 195 165 511 530 206 847 133 217 621 788 274 74 459 499 737 106 671 403 385 917 75 177 231 140 159 798 988 883 27 837 903 349 679 310 491 703 861 618 411 968 518 510 492 831 54 374 952 504 651 198 612 565 57 120 950 496 252 90 217 654 659 371 624 384 285 9 451 620 35 182 673 676 422 378 162 973 298 892 651 
612 233 209 730 324 754 558 248 727 697 793 797 203 657 902 64 925 204 692 93 772 855 550 289 433 255 430 164 845 555 371 284 477 867 481 603 398 962 515 254 440 279 960 775 589 444 763 632 133 348 620 47 274 379 358 551 758 661 531 511 817 110 751 224 773 331 83 624 14 595 238 226 862 702 867 324 298 768 704 269 395 157 871 264 666 784 265 278 793 212 369 536 488 373 0 
174 4 726 112 109 423 298 400 146 652 205 215 541 636 905 508 437 922 796 356 823 513 975 556 615 108 403 857 899 477 82 508 756 288 681 684 95 704 637 898 119 689 540 128 446 537 251 377 722 152 953 603 530 205 584 143 31 94 455 734 585 831 896 693 923 379 145 747 552 160 304 857 377 279 794 360 190 962 131 139 840 346 643 973 110 156 564 960 919 570 113 563 104 22 403 
597 550 49 596 469 369 917 517 24 76 953 573 684 841 892 393 51 626 792 806 447 18 8 396 568 0 579 47 734 688 145 314 485 37 299 836 446 562 529 18 770 897 266 611 903 399 539 611 789 244 2 705 432 631 225 684 153 116 791 852 458 99 523 664 651 507 152 991 497 272 973 475 495 448 799 366 842 984 535 284 260 780 312 130 360 854 696 957 324 235 897 252 775 621 700 
215 9 813 258 913 667 965 252 480 220 261 957 620 953 45 737 435 391 649 483 994 888 715 738 273 716 453 616 288 949 662 50 54 700 329 891 380 625 232 992 551 794 589 572 282 711 552 831 813 737 188 704 938 900 367 291 210 192 988 91 733 67 760 766 189 495 155 753 892 866 788 248 329 691 617 100 185 218 603 127 490 77 258 587 725 102 87 717 671 234 585 689 482 843 372 
473 559 582 716 365 477 311 274 95 183 608 250 619 85 598 622 556 468 215 448 966 645 25 80 11 889 155 512 406 956 816 882 614 24 378 963 279 86 303 856 237 204 467 319 436 269 5 752 877 468 579 71 906 512 228 75 783 619 888 563 458 900 549 602 862 171 525 571 68 595 412 625 1 810 416 981 483 740 412 869 77 939 625 764 692 465 292 922 877 138 596 856 488 585 631 
365 514 510 890 341 729 8 433 197 140 943 228 518 315 436 821 369 560 256 32 290 438 769 425 203 156 852 663 437 166 605 674 730 290 678 564 397 292 849 386 313 230 472 103 136 311 12 459 771 564 515 303 737 79 811 460 220 510 692 699 75 383 282 519 783 736 37 464 188 3 772 716 437 677 387 859 565 478 452 975 127 546 942 367 917 178 309 452 200 654 113 939 861 259 461 
427 733 624 71 931 92 336 354 892 762 305 607 348 663 448 63 247 605 789 286 180 170 720 500 485 298 729 693 46 816 136 314 88 715 550 791 134 606 391 95 209 603 967 574 442 12 673 879 175 904 4 818 518 155 519 148 267 391 499 738 102 885 581 134 14 388 136 734 660 360 293 222 587 800 943 255 639 717 239 658 286 847 522 339 788 63 13 342 728 684 955 877 419 735 989 
542 346 137 28 363 731 499 592 888 571 720 334 743 660 810 47 483 528 779 704 372 219 3 460 299 26 305 113 867 731 561 580 285 444 670 495 62 584 901 860 569 129 654 866 54 655 49 428 961 480 173 333 764 62 416 550 954 344 106 210 187 601 282 393 432 900 24 637 343 288 765 99 67 58 417 96 932 596 313 740 826 543 227 618 92 998 663 194 775 688 466 913 640 413 540 
499 180 525 157 973 440 134 419 732 508 776 350 196 844 281 9 763 736 341 859 592 451 533 833 329 150 691 488 712 359 576 506 591 248 759 553 850 517 239 509 608 744 929 918 771 982 132 269 902 874 726 522 515 867 194 139 116 592 11 402 522 996 528 75 385 282 664 24 241 460 144 812 804 353 585 514 849 464 797 349 988 947 575 385 270 88 135 317 343 942 928 358 881 732 527 
663 626 253 331 702 338 478 815 630 216 235 840 852 284 932 151 232 477 189 586 544 566 388 136 829 22 763 352 638 358 474 859 615 682 456 471 848 766 508 46 586 970 18 15 574 150 753 91 422 249 558 89 223 737 964 200 665 389 745 413 642 740 648 35 801 347 112 23 447 769 213 451 431 17 53 853 245 551 21 537 152 9 338 431 768 142 942 756 537 308 903 469 901 843 12 
590 614 636 565 550 607 221 176 474 639 729 817 723 356 16 150 640 178 90 534 391 852 963 769 860 683 263 375 303 68 307 444 85 374 796 288 42 165 216 310 378 412 906 513 621 721 96 86 971 980 845 82 569 72 611 819 990 465 168 825 720 320 198 949 703 723 93 475 711 876 875 850 59 674 173 466 167 485 768 893 331 768 856 638 190 549 319 392 650 370 159 643 755 361 203 
858 57 232 220 647 597 829 346 360 31 76 378 927 206 511 37 367 738 72 730 187 706 131 346 508 569 811 598 743 463 818 241 226 181 992 696 848 963 832 599 923 236 393 997 676 205 589 927 423 643 746 695 234 992 989 575 120 302 528 871 366 129 447 50 31 535 826 864 251 297 421 831 351 640 724 929 812 261 437 95 704 519 774 608 215 152 821 915 100 27 581 992 74 256 524 
993 980 7 76 493 550 312 853 264 980 636 695 899 163 294 295 214 777 463 862 150 687 708 649 101 644 547 959 198 155 780 854 664 302 105 10 574 365 147 115 342 672 839 58 855 281 49 329 989 137 198 441 426 133 413 421 491 80 694 973 349 627 657 165 476 551 563 223 927 443 966 314 138 613 94 85 772 241 93 29 148 397 871 668 567 560 842 807 867 454 921 864 332 826 668 
708 869 408 744 234 595 653 557 86 748 314 463 778 250 246 823 12 642 702 856 224 528 103 798 6 641 139 905 992 660 818 23 65 509 78 233 86 845 592 933 591 94 10 839 263 313 823 259 817 449 519 152 515 91 218 305 938 445 436 354 446 70 194 351 337 85 490 240 549 571 380 933 913 920 862 342 788 11 423 244 512 971 839 178 673 859 489 615 53 737 767 394 836 523 64 
112 152 112 500 599 916 891 262 222 861 1 959 708 131 416 225 250 87 438 384 585 155 467 824 603 719 403 881 580 304 7 870 586 864 330 886 173 208 949 808 486 372 529 110 509 988 230 726 170 457 700 790 46 542 367 256 770 636 751 253 292 709 733 576 82 553 305 356 444 167 912 715 838 702 129 650 132 589 777 558 923 464 636 429 58 939 641 343 444 427 114 479 132 641 538 
671 330 819 826 337 725 261 974 803 420 39 244 843 597 680 205 70 656 273 348 391 742 979 396 768 174 36 849 284 531 412 883 568 889 993 710 385 950 287 353 617 992 90 348 673 743 940 291 139 938 575 163 894 49 620 160 938 536 537 745 717 743 660 258 608 142 128 794 780 82 961 292 428 345 490 936 652 639 566 432 366 563 386 433 882 749 340 89 189 532 128 606 551 246 347 
572 856 494 801 745 127 902 729 258 631 690 799 929 416 176 485 653 480 551 446 738 820 244 548 365 975 587 328 469 684 145 161 363 899 779 316 454 155 624 559 545 747 268 103 276 127 70 747 404 332 347 823 79 103 152 773 394 682 153 586 990 143 968 314 393 453 853 702 833 319 482 945 272 821 940 609 344 469 62 326 560 496 621 106 882 844 323 674 605 17 105 674 255 272 271 
145 449 755 0 511 25 400 536 107 981 825 796 653 332 454 120 125 818 78 466 411 603 490 631 832 455 412 545 290 971 747 32 915 342 572 125 222 394 502 671 188 43 852 751 495 61 219 833 565 305 702 804 579 316 7 972 952 225 627 997 654 474 567 653 414 709 592 561 239 529 256 199 855 47 925 740 719 376 824 621 0 169 321 179 177 527 485 470 467 418 544 214 714 321 455 
168 952 613 629 866 688 245 615 454 106 413 588 329 35 949 257 125 902 984 411 759 293 161 744 672 333 767 970 971 942 96 859 827 571 940 423 422 426 385 60 796 856 584 712 905 675 478 427 210 875 951 974 942 945 970 726 352 630 428 440 470 737 208 555 511 429 403 437 635 628 210 195 13 952 30 892 682 203 83 970 568 41 893 936 745 274 734 99 307 167 981 611 536 817 291 
39 921 815 138 861 739 599 812 152 512 362 640 649 300 300 110 450 715 251 861 951 413 744 455 653 160 672 431 66 819 833 4 535 991 742 906 409 990 767 108 783 131 179 537 428 820 176 130 751 995 681 528 194 817 748 759 707 357 206 10 912 398 955 30 392 273 750 896 921 71 885 635 870 127 623 861 600 531 168 539 84 173 631 194 967 252 200 899 903 775 746 571 783 572 81 
79 884 545 698 119 761 289 432 359 918 189 238 981 262 748 133 560 185 441 724 783 297 236 742 555 609 509 802 598 439 266 432 683 810 613 376 611 819 375 611 669 756 225 692 690 631 608 856 38 916 215 514 644 335 514 340 26 917 282 404 194 560 233 556 3 693 104 695 436 308 288 350 383 738 772 579 807 855 676 249 244 663 936 673 553 558 58 284 42 46 442 508 691 555 847 
125 420 781 73 695 878 767 9 902 339 147 390 819 774 4 938 743 676 537 872 204 908 369 259 989 953 334 362 794 846 757 312 734 945 251 798 737 852 261 147 647 601 383 263 656 860 474 610 300 54 773 915 429 534 893 539 798 539 453 841 73 837 24 850 309 212 796 787 309 693 379 132 286 661 581 2 257 359 385 729 802 124 735 780 401 81 184 743 375 202 592 900 272 271 539 
116 694 279 244 165 624 564 635 621 250 633 792 642 718 586 382 559 462 58 906 11 494 422 616 341 312 968 72 189 49 179 610 783 462 30 542 88 220 850 469 100 689 258 199 246 58 287 235 588 213 52 300 970 607 58 693 625 725 892 132 977 186 215 271 154 710 572 763 733 158 765 445 871 484 501 504 695 419 230 42 530 914 327 250 853 168 112 640 119 852 251 140 367 589 462 
279 552 860 640 708 108 28 546 652 271 837 550 739 504 72 606 421 325 751 130 19 76 125 333 11 163 663 545 788 477 888 24 915 930 860 196 98 838 741 852 305 654 877 222 258 605 9 37 519 732 32 930 992 878 354 497 480 730 846 505 97 858 842 631 193 666 381 418 584 780 935 573 742 404 458 556 340 759 151 961 6 944 991 627 483 129 653 403 451 614 618 81 806 83 333 
441 639 757 420 320 737 212 973 421 828 527 956 619 792 352 939 52 477 972 191 741 924 718 552 275 650 434 919 251 982 547 764 434 115 33 100 931 258 838 743 730 552 456 277 698 543 594 146 797 54 57 513 617 281 962 297 763 329 436 616 419 820 76 69 814 603 940 667 714 969 987 658 265 628 848 447 711 647 121 663 919 781 658 568 628 835 6 65 141 863 89 898 811 236 715 
303 813 212 959 693 351 820 214 254 12 697 984 421 995 684 992 110 760 629 468 691 368 401 211 955 109 356 887 484 281 472 939 448 287 373 189 477 151 285 896 195 980 721 974 476 718 361 693 830 288 94 399 940 61 912 372 794 989 34 951 211 904 96 445 811 516 46 555 240 647 160 240 269 411 991 749 17 869 305 535 293 894 995 988 502 350 233 904 930 734 648 625 446 386 0 
956 823 805 712 807 527 798 770 273 388 164 121 865 771 63 872 453 294 0 680 799 85 709 146 451 441 516 277 279 681 251 800 820 840 287 782 325 613 790 565 849 788 725 448 506 392 140 542 406 948 445 817 423 323 435 964 878 924 336 521 708 732 854 242 610 145 515 986 307 694 229 117 450 636 807 39 477 856 963 521 981 104 701 802 470 776 646 525 477 707 616 506 131 938 971 
590 124 143 471 384 780 92 350 125 576 416 949 282 212 71 625 137 589 127 60 757 781 729 292 986 764 39 607 485 792 966 406 637 184 165 561 158 795 453 412 213 358 743 110 92 569 261 440 446 663 312 38 727 619 992 740 837 480 295 185 235 364 408 187 103 438 69 215 815 827 351 97 129 551 353 78 706 228 782 748 228 865 80 780 282 671 100 990 88 793 174 846 57 937 577 
763 627 359 635 888 990 178 682 516 946 932 109 265 891 697 311 314 786 81 571 855 916 252 311 262 274 696 104 718 178 436 916 216 178 845 170 62 841 173 469 402 266 908 199 707 137 509 450 328 353 19 58 854 653 99 410 2 56 402 233 547 150 601 589 645 848 219 506 42 50 564 857 114 209 906 736 467 654 221 930 605 481 815 932 996 437 777 906 81 422 155 836 310 49 205 
90 580 455 828 199 359 425 127 320 36 25 780 957 33 785 15 803 186 52 831 115 727 936 474 835 196 482 620 516 405 677 440 830 973 940 447 530 568 899 461 56 175 488 610 626 713 993 497 249 334 870 452 248 911 749 604 356 269 872 891 995 457 362 128 755 799 773 72 307 250 730 994 783 766 96 700 230 49 867 901 369 940 464 886 500 43 396 4 354 45 154 83 726 915 753 
512 328 665 143 126 260 11 502 378 552 469 73 579 980 199 722 484 991 121 290 372 766 640 320 339 636 695 13 936 482 254 631 64 139 595 970 57 446 481 523 686 934 166 766 401 416 351 597 528 470 214 129 366 466 247 893 97 341 816 860 21 963 773 694 77 706 643 96 738 845 317 224 621 226 168 651 145 1 318 656 140 485 186 682 358 743 632 213 789 325 630 1 1 1 1 
770 71 268 486 886 666 965 997 764 708 848 605 326 614 919 136 387 252 237 626 583 654 865 586 695 958 374 782 191 67 131 274 12 989 393 427 436 965 838 431 227 699 950 40 115 239 687 66 207 421 456 549 986 593 827 729 90 165 597 744 121 888 441 379 95 405 370 193 960 383 619 346 421 969 204 54 665 274 740 196 54 230 794 196 769 534 148 904 465 199 830 213 1 1 1
113 21 111 614 137 803 892 391 697 478 120 205 856 951 597 243 439 990 486 232 32 938 861 471 779 618 73 830 309 68 660 518 298 317 326 469 37 432 891 558 868 256 776 77 881 671 512 682 529 409 622 670 345 823 187 366 248 467 824 883 378 880 419 460 585 36 96 798 294 438 2 854 64 537 190 665 388 649 350 470 32 22 94 737 453 280 543 926 228 859 319 400 1 1 1 
727 848 153 690 193 736 938 872 734 913 632 437 343 60 34 662 744 730 468 585 988 894 487 994 771 661 964 244 513 348 618 789 624 786 769 204 569 17 977 974 380 673 372 418 407 5 498 630 968 639 712 401 900 834 150 225 645 118 479 314 684 666 90 759 972 125 314 557 968 813 122 209 497 825 116 859 279 757 242 57 529 195 444 676 278 263 497 943 416 990 822 665 496 1 1
